"tile","time","probL"
458,0,4.76724126082933e-22
459,0,1.00066213501019e-23
460,0,1.28038047407512e-21
461,0,1.27807999174396e-23
462,0,4.53794550333357e-21
497,0,7.57445392250557e-18
498,0,5.70092275194566e-17
499,0,1.35638771572588e-13
500,0,1.06856201373986e-15
501,0,9.94214352688124e-14
502,0,8.74451601146864e-18
503,0,6.75867452907376e-19
536,0,1.85069559442813e-15
537,0,3.40251093954361e-14
538,0,2.12257507213655e-09
539,0,9.26179103548478e-10
540,0,1.15845428753573e-07
541,0,3.55268402829202e-11
542,0,5.41798363752518e-12
543,0,7.46659939837408e-16
544,0,8.75622968611008e-17
576,0,1.52875942365784e-12
577,0,7.12989601697915e-08
578,0,2.23028838810476e-07
579,0,0.000469206086080985
580,0,2.55731376423793e-06
581,0,3.72780684516919e-06
582,0,1.41878930408893e-09
583,0,4.91872853006581e-10
584,0,1.3211397907623e-14
615,0,8.05964758694902e-20
616,0,3.13009743978485e-12
617,0,6.99842853110013e-07
618,0,0.00268653997517701
619,0,0.000162032436191399
620,0,0.00693292685220501
621,0,3.94359835529876e-05
622,0,6.81895968658515e-05
623,0,3.32435112259075e-08
624,0,9.06145598884744e-12
655,0,3.55674588444083e-21
656,0,9.88127656835767e-14
657,0,4.59384433318489e-07
658,0,0.000302333589161147
659,0,0.0272596846613436
660,0,0.000963888869203099
661,0,0.0342169955809709
662,0,0.000176703286892638
663,0,4.63451405484495e-05
664,0,5.42457807845033e-14
696,0,2.14149431994311e-15
697,0,1.08237805342959e-09
698,0,0.00125144487345494
699,0,0.00250215116418105
700,0,0.146930030089764
701,0,0.00258564538870807
702,0,0.0497904882339914
703,0,2.44829263051133e-07
704,0,2.90337015084006e-11
736,0,5.61291302513351e-19
737,0,3.14874476639959e-10
738,0,7.34325710856503e-07
739,0,0.130847282576274
740,0,0.00702034108143912
741,0,0.290380800810469
742,0,5.59916812403887e-05
743,0,1.65622885423249e-05
744,0,4.3263018574993e-13
777,0,3.89548875504415e-14
778,0,3.49678098377989e-06
779,0,5.24062033014911e-05
780,0,0.293098224376336
781,0,0.00152465578845415
782,0,0.000338059631132846
783,0,7.91083238131107e-10
818,0,1.49810936313604e-10
819,0,6.69005795627516e-06
820,0,5.67905282568817e-07
821,0,0.000261998371560687
822,0,6.33695470940195e-09
458,10,6.39323413804368e-28
459,10,1.6808075709048e-29
460,10,2.9390893027893e-27
461,10,2.60260878093024e-29
462,10,1.65062182401524e-26
497,10,3.55601125260709e-23
498,10,1.86313674799183e-20
499,10,4.20243998504636e-17
500,10,4.29539026466962e-19
501,10,2.88058213050071e-17
502,10,2.50794840641878e-22
503,10,6.06158897281887e-24
536,10,5.13277689244805e-20
537,10,4.30725628368331e-17
538,10,2.69563398201668e-11
539,10,2.55801114793637e-11
540,10,3.13543657671935e-09
541,10,2.85371985140857e-13
542,10,3.27059303391256e-15
543,10,5.01233109120806e-20
544,10,1.55344828371123e-21
576,10,3.28755240968313e-15
577,10,1.12936049500237e-09
578,10,2.04162797779156e-08
579,10,0.000359420413480771
580,10,1.15685732794714e-06
581,10,1.74554492645341e-07
582,10,1.92631570518581e-11
583,10,1.07857591765518e-12
584,10,2.76060883675803e-18
615,10,4.20731917817966e-25
616,10,1.53559919798207e-15
617,10,9.49872926560866e-08
618,10,0.00235029913952238
619,10,0.00014846245491269
620,10,0.00628904170260762
621,10,2.77656753239167e-05
622,10,8.27676154773403e-06
623,10,8.13027298036653e-10
624,10,8.12466231884466e-15
655,10,2.12294627482145e-26
656,10,2.00952737702421e-16
657,10,1.22935248843846e-08
658,10,0.000272354460672132
659,10,0.0261142326183504
660,10,0.000934856361816853
661,10,0.0325842873692841
662,10,0.000145902435440066
663,10,3.19662317107269e-06
664,10,6.45389488622022e-17
696,10,2.49354022729341e-19
697,10,1.63848176696295e-11
698,10,0.000439653678539842
699,10,0.00248431062075224
700,10,0.148155389712304
701,10,0.00258698497921834
702,10,0.0464186340040606
703,10,1.94541882228266e-08
704,10,3.56379180646177e-14
736,10,2.03709661967386e-24
737,10,1.71376130224765e-12
738,10,2.76424334499139e-08
739,10,0.128821456990152
740,10,0.00728293321122976
741,10,0.296382191908654
742,10,2.69268681717721e-05
743,10,5.85530416451856e-07
744,10,4.80100744146468e-16
777,10,1.12025039240245e-17
778,10,6.16111203177156e-08
779,10,1.69349898777214e-05
780,10,0.296636880232058
781,10,0.00146187998770245
782,10,2.76489182716857e-05
783,10,6.70802933159864e-12
818,10,8.01535872510154e-13
819,10,1.2007866987917e-07
820,10,2.40820546474027e-08
821,10,1.77750961233303e-05
822,10,1.02305744881301e-10
458,20,1.64464441463788e-31
459,20,4.5604094384462e-33
460,20,7.50331565492436e-31
461,20,5.66892374248222e-33
462,20,1.14024955051427e-30
497,20,4.22076363567832e-25
498,20,5.02510402146255e-22
499,20,8.70497650534846e-19
500,20,9.56172601073335e-21
501,20,6.31985516707401e-19
502,20,9.5575194994681e-25
503,20,6.24112725142874e-28
536,20,7.59186712917685e-22
537,20,3.86495432638411e-18
538,20,1.989344053642e-11
539,20,3.56712014835494e-12
540,20,1.1321031645253e-09
541,20,1.14387844800608e-13
542,20,1.28308340218972e-16
543,20,3.58854108257032e-22
544,20,1.37647515670564e-24
576,20,4.16891773691948e-16
577,20,8.82304596045499e-10
578,20,4.56428833448504e-09
579,20,0.000274702315065459
580,20,5.43984236302883e-07
581,20,5.47375374687817e-08
582,20,1.12141050686662e-11
583,20,1.05066439915498e-13
584,20,5.94792052916555e-20
615,20,3.96807453307594e-28
616,20,1.15397821096203e-17
617,20,2.05922154958432e-08
618,20,0.00204399132896116
619,20,0.000134563356916303
620,20,0.00566320654594502
621,20,1.96043377309331e-05
622,20,1.85263218519134e-06
623,20,3.76432211023774e-10
624,20,5.46210542527214e-16
655,20,1.03022177615586e-29
656,20,2.69259647111908e-17
657,20,7.07442994728575e-09
658,20,0.000244705374359599
659,20,0.0248160609806139
660,20,0.000900257978924153
661,20,0.030839996723248
662,20,0.000120246779199776
663,20,8.303392006347e-07
664,20,4.51642162248711e-18
696,20,6.65501324465539e-21
697,20,1.4209773939801e-11
698,20,0.000181244045774042
699,20,0.0024599544202568
700,20,0.148769067048432
701,20,0.00256854185583396
702,20,0.0432421270544611
703,20,4.77561386776249e-09
704,20,2.08020740589697e-15
736,20,2.99345384285947e-26
737,20,5.98296995440707e-13
738,20,1.32305016400362e-08
739,20,0.126542723728978
740,20,0.00751416780180353
741,20,0.301566875167454
742,20,1.39028766311743e-05
743,20,2.46335496785539e-07
744,20,3.42934154519338e-17
777,20,4.12144472120771e-19
778,20,5.52331855897824e-08
779,20,6.08775412122975e-06
780,20,0.300653401936681
781,20,0.00140802572312268
782,20,7.46367143912783e-06
783,20,2.94674857364917e-12
818,20,2.5097397141226e-13
819,20,1.12627725840423e-07
820,20,1.03382557728363e-08
821,20,5.3221878380509e-06
822,20,9.75950123521441e-11
458,30,3.34058498208165e-33
459,30,1.00746001011973e-34
460,30,1.56047196104536e-32
461,30,1.22349477479459e-34
462,30,2.35112231703425e-32
497,30,3.06177999450365e-25
498,30,6.91296761914556e-23
499,30,3.10824727236151e-19
500,30,1.34231124572708e-21
501,30,2.23804508677737e-19
502,30,3.76469296783707e-25
503,30,2.2357290141006e-29
536,30,5.8535866320504e-22
537,30,8.53404587246305e-19
538,30,1.49672905914195e-11
539,30,1.47179713233555e-12
540,30,8.33276116786629e-10
541,30,5.31200157695774e-14
542,30,3.96155422240075e-17
543,30,2.058755046232e-22
544,30,1.31183425502631e-25
576,30,8.96215524318456e-17
577,30,7.58028209792668e-10
578,30,3.03086861313618e-09
579,30,0.000209496087867491
580,30,2.7317815158715e-07
581,30,4.51541078383082e-08
582,30,7.83850189636444e-12
583,30,2.32449828156669e-14
584,30,2.73228243094691e-20
615,30,4.98877681221965e-29
616,30,6.6486541359984e-18
617,30,1.06421014322745e-08
618,30,0.00176693188653406
619,30,0.000121016154904734
620,30,0.00506410711525307
621,30,1.39316867171572e-05
622,30,1.11685174923106e-06
623,30,3.051391483178e-10
624,30,1.41120190429192e-16
655,30,7.75742325053524e-32
656,30,5.7941071917906e-18
657,30,6.02233870287499e-09
658,30,0.000219589713779948
659,30,0.0234458269978701
660,30,0.000861306931815133
661,30,0.029047601546417
662,30,9.90913476938674e-05
663,30,6.5160878529479e-07
664,30,1.1665491407297e-18
696,30,3.83673068636797e-21
697,30,1.26722525943729e-11
698,30,9.91602682954772e-05
699,30,0.00242944729517615
700,30,0.148743991428198
701,30,0.00253721110627542
702,30,0.0402911555803484
703,30,3.05832157418402e-09
704,30,5.90211234678063e-16
736,30,2.57507600398559e-26
737,30,2.4688071143625e-13
738,30,1.21002656745345e-08
739,30,0.12433263320134
740,30,0.00773196540882672
741,30,0.306208738179642
742,30,8.06685590489414e-06
743,30,2.21878680970256e-07
744,30,8.44851925138986e-18
777,30,1.96342753321761e-19
778,30,5.42092546872415e-08
779,30,2.7980597860527e-06
780,30,0.305386498312695
781,30,0.00136591992664465
782,30,6.24360211546503e-06
783,30,1.54163836838445e-12
818,30,9.01974406119655e-14
819,30,1.14380260747154e-07
820,30,9.117245853675e-09
821,30,4.74804341104679e-06
822,30,9.50092540801396e-11
458,40,1.1683944374462e-33
459,40,1.38987116767222e-35
460,40,5.43861285128263e-33
461,40,1.69787653992561e-35
462,40,8.15433358344192e-33
497,40,2.26066152781332e-25
498,40,2.81028652671641e-23
499,40,2.24584791020076e-19
500,40,5.47875020645817e-22
501,40,1.61648165183899e-19
502,40,1.72260263004248e-25
503,40,6.79284279464493e-30
536,40,4.95781193078442e-22
537,40,5.59084102010755e-19
538,40,1.12203152236809e-11
539,40,7.26977997030548e-13
540,40,6.24427551737905e-10
541,40,2.63186269384913e-14
542,40,3.22016188526564e-17
543,40,1.422920269646e-22
544,40,2.87011573189848e-26
576,40,4.58949333346914e-17
577,40,6.46774600023732e-10
578,40,2.61026343787275e-09
579,40,0.000159368620126159
580,40,1.50798400231398e-07
581,40,3.97023799615258e-08
582,40,5.51395484710911e-12
583,40,1.38557761829629e-14
584,40,2.19803498841556e-20
615,40,1.06213442347416e-29
616,40,5.69684053965069e-18
617,40,8.54638300159863e-09
618,40,0.00151780790331038
619,40,0.000108062556636657
620,40,0.00449579527968114
621,40,9.99775432108065e-06
622,40,9.77574325017373e-07
623,40,2.49687638645795e-10
624,40,1.10110110468502e-16
655,40,4.48057825267186e-32
656,40,2.96978893013083e-18
657,40,5.3729308085622e-09
658,40,0.000196784791903903
659,40,0.022032871812896
660,40,0.000818990651811501
661,40,0.027223581710899
662,40,8.16982974181309e-05
663,40,5.97003458705619e-07
664,40,7.70777603674652e-19
696,40,3.27479490013474e-21
697,40,1.12832842768874e-11
698,40,7.33005077849455e-05
699,40,0.00239265459310451
700,40,0.148072316151075
701,40,0.00249628035041764
702,40,0.0375429278088117
703,40,2.41359571478317e-09
704,40,4.76453597239386e-16
736,40,2.2766204900591e-26
737,40,1.35168565173124e-13
738,40,1.16837966369447e-08
739,40,0.122280513311128
740,40,0.00794236115061436
741,40,0.310321075401272
742,40,5.46142160374365e-06
743,40,2.05553569745822e-07
744,40,5.43364724783407e-18
777,40,1.7865987754814e-19
778,40,5.32090865922671e-08
779,40,1.81869607778605e-06
780,40,0.310876748892019
781,40,0.00133636046442613
782,40,6.24224272201682e-06
783,40,9.07370755088764e-13
818,40,4.14376776389444e-14
819,40,1.16420668508708e-07
820,40,8.68698884597411e-09
821,40,4.79841021204692e-06
822,40,9.31224829377149e-11
458,50,8.25120825942484e-34
459,50,5.56950925952033e-36
460,50,3.84013817305049e-33
461,50,6.81133067052204e-36
462,50,5.75640681204792e-33
497,50,1.65997973461288e-25
498,50,1.36556725856338e-23
499,50,1.64848950815156e-19
500,50,2.66246199138787e-22
501,50,1.18651925772491e-19
502,50,8.39637912780698e-26
503,50,5.42590131382978e-30
536,50,4.16441820534557e-22
537,50,4.74422596242676e-19
538,50,8.37648808118665e-12
539,50,3.98492529117878e-13
540,50,4.66206602818652e-10
541,50,1.43137860975392e-14
542,50,2.78682748387579e-17
543,50,9.88544954990269e-23
544,50,1.68994326186272e-26
576,50,3.64968447900475e-17
577,50,5.47704830928462e-10
578,50,2.29262028731003e-09
579,50,0.000120877066810312
580,50,9.31204018113716e-08
581,50,3.47412701997089e-08
582,50,3.91273630602912e-12
583,50,1.19914080171116e-14
584,50,1.78349517677683e-20
615,50,5.38101886617772e-30
616,50,5.07716854244765e-18
617,50,7.47606254600359e-09
618,50,0.0012951046577211
619,50,9.58133471373424e-05
620,50,0.00396113776039373
621,50,7.26704373682087e-06
622,50,8.99963920741532e-07
623,50,2.04286895290561e-10
624,50,1.00251927043907e-16
655,50,3.85206878218642e-32
656,50,2.36219803372112e-18
657,50,4.87214641645772e-09
658,50,0.000176047682832316
659,50,0.0205917417884896
660,50,0.000774093957149362
661,50,0.0253792673296613
662,50,6.74272441203994e-05
663,50,5.52604278516827e-07
664,50,6.14917318882299e-19
696,50,2.93185763844726e-21
697,50,1.00251815098982e-11
698,50,6.5419284346427e-05
699,50,0.00234947930820894
700,50,0.146750972392132
701,50,0.00244738669069312
702,50,0.0349744979312683
703,50,1.99909044780292e-09
704,50,4.35063459734424e-16
736,50,2.00776406484108e-26
737,50,9.99393348702117e-14
738,50,1.14005188569722e-08
739,50,0.120400717300398
740,50,0.00814754762850082
741,50,0.313892907580323
742,50,4.32866084399513e-06
743,50,1.904978931867e-07
744,50,4.31478722834415e-18
777,50,1.71609849886903e-19
778,50,5.22615702162065e-08
779,50,1.54484538846326e-06
780,50,0.317163646009934
781,50,0.00131959411237125
782,50,6.30771806489866e-06
783,50,6.23633293390569e-13
818,50,2.69157066741116e-14
819,50,1.18753505356829e-07
820,50,8.49989907128681e-09
821,50,4.89284260336654e-06
822,50,9.20076924052695e-11
458,60,5.90452810255999e-34
459,60,2.65217313664034e-36
460,60,2.74798167082619e-33
461,60,3.24361986796536e-36
462,60,4.11924520446164e-33
497,60,1.21120092016234e-25
498,60,7.35050281005885e-24
499,60,1.20294062566499e-19
500,60,1.43267867923361e-22
501,60,8.65834333194273e-20
502,60,4.48434637185585e-26
503,60,4.60591685651674e-30
536,60,3.46617649201453e-22
537,60,4.09948750831772e-19
538,60,6.2231496308226e-12
539,60,2.44504117253094e-13
540,60,3.4639879811956e-10
541,60,8.69466661717669e-15
542,60,2.39641592714544e-17
543,60,6.91817227368941e-23
544,60,1.44284395426356e-26
576,60,3.15829257765691e-17
577,60,4.60072382921092e-10
578,60,2.00171298431002e-09
579,60,9.13548379329728e-05
580,60,6.39533735156846e-08
581,60,3.01361944349804e-08
582,60,2.80881780234727e-12
583,60,1.0904784954717e-14
584,60,1.44554078735374e-20
615,60,4.22806238363541e-30
616,60,4.58826973072907e-18
617,60,6.60448943786598e-09
618,60,0.00109717347999436
619,60,8.43239822564713e-05
620,60,0.00346208492526151
621,60,5.36377034059459e-06
622,60,8.28645467781129e-07
623,60,1.67168477199519e-10
624,60,9.21509204426227e-17
655,60,3.44755769042006e-32
656,60,2.04422888951867e-18
657,60,4.44868138399817e-09
658,60,0.000157159835127144
659,60,0.0191329424506512
660,60,0.000727250337279073
661,60,0.023525429603723
662,60,5.57330235078845e-05
663,60,5.11450977112921e-07
664,60,5.12674110215512e-19
696,60,2.66990536239912e-21
697,60,8.88418604713107e-12
698,60,6.33217602872732e-05
699,60,0.00229984051370528
700,60,0.144778739081413
701,60,0.00239140102254969
702,60,0.0325648111345957
703,60,1.69754373287061e-09
704,60,4.00043057082106e-16
736,60,1.76505077712421e-26
737,60,8.91564965811796e-14
738,60,1.11314877361965e-08
739,60,0.118682579245188
740,60,0.0083483285664604
741,60,0.316904505267156
742,60,3.88620567958359e-06
743,60,1.76405052553161e-07
744,60,3.60404083523348e-18
777,60,1.66497958728935e-19
778,60,5.13717737751857e-08
779,60,1.48581183141853e-06
780,60,0.324293311246021
781,60,0.00131578823863186
782,60,6.36518280427001e-06
783,60,5.02099762628951e-13
818,60,2.28428233023414e-14
819,60,1.21395310876936e-07
820,60,8.44535796822739e-09
821,60,5.00170604406965e-06
822,60,9.17025433193932e-11
458,70,4.18808949231524e-34
459,70,1.39500952101186e-36
460,70,1.94915143536405e-33
461,70,1.70596799132486e-36
462,70,2.92180271833379e-33
497,70,8.77240979280475e-26
498,70,4.41946948267154e-24
499,70,8.71369760132391e-20
500,70,8.61048951280692e-23
501,70,6.27184644206826e-20
502,70,2.66928204811113e-26
503,70,3.87649855926313e-30
536,70,2.8564786480907e-22
537,70,3.51525666972719e-19
538,70,4.59680639657085e-12
539,70,1.66436562048652e-13
540,70,2.55904325666432e-10
541,70,5.86319976761974e-15
542,70,2.03901462685547e-17
543,70,4.8899573625225e-23
544,70,1.29244145446121e-26
576,70,2.75675728217697e-17
577,70,3.83083632725839e-10
578,70,1.73249963114809e-09
579,70,6.8740936680953e-05
580,70,4.76224571597361e-08
581,70,2.58912464337646e-08
582,70,2.04461174653945e-12
583,70,9.90532578951106e-15
584,70,1.17049730616433e-20
615,70,3.60997695491749e-30
616,70,4.17306666292437e-18
617,70,5.82533651716966e-09
618,70,0.000922294642851289
619,70,7.3623026677708e-05
620,70,0.00299984184410702
621,70,4.02720824213202e-06
622,70,7.58282718191831e-07
623,70,1.36865162678304e-10
624,70,8.46257618479744e-17
655,70,3.13114687153061e-32
656,70,1.78434624103447e-18
657,70,4.07893034201146e-09
658,70,0.000139929067673893
659,70,0.0176660297115112
660,70,0.000678987675371055
661,70,0.0216727978859764
662,70,4.61551027364893e-05
663,70,4.72797538679034e-07
664,70,4.37840471652363e-19
696,70,2.44986016283597e-21
697,70,7.84814573469083e-12
698,70,6.31079854262981e-05
699,70,0.00224366466391725
700,70,0.142155805825721
701,70,0.00232881815038285
702,70,0.0302946696828409
703,70,1.46861259977963e-09
704,70,3.67434670489599e-16
736,70,1.54578764370473e-26
737,70,8.62089412268616e-14
738,70,1.08425038338741e-08
739,70,0.117106286199101
740,70,0.00854484335273691
741,70,0.319328066941763
742,70,3.78575296278806e-06
743,70,1.63156679137594e-07
744,70,3.09379474106123e-18
777,70,1.61543729871868e-19
778,70,5.05337476186012e-08
779,70,1.49152139818953e-06
780,70,0.332318569983683
781,70,0.00132525346094631
782,70,6.40921877243682e-06
783,70,4.58089362538025e-13
818,70,2.19450178826712e-14
819,70,1.24365247447096e-07
820,70,8.489696336128e-09
821,70,5.12418797741502e-06
822,70,9.22393824881495e-11
458,80,2.93849145153913e-34
459,80,8.17110896676688e-37
460,80,1.36758776921212e-33
461,80,9.99150856886169e-37
462,80,2.05003954158526e-33
497,80,6.29838440525352e-26
498,80,2.94061014919292e-24
499,80,6.25712587570595e-20
500,80,5.72709906109477e-23
501,80,4.50370966340669e-20
502,80,1.75950409929926e-26
503,80,3.22006137175917e-30
536,80,2.32844174970273e-22
537,80,2.98196797568233e-19
538,80,3.37206892210328e-12
539,80,1.22318934058526e-13
540,80,1.87749595303003e-10
541,80,4.27795828602495e-15
542,80,1.71458576996769e-17
543,80,3.498126848413e-23
544,80,1.1543289123202e-26
576,80,2.39908068785353e-17
577,80,3.15923815283417e-10
578,80,1.48497132310593e-09
579,80,5.14454477188611e-05
580,80,3.73024996259234e-08
581,80,2.20121093510011e-08
582,80,1.51150043532619e-12
583,80,8.92842281908855e-15
584,80,9.47037589021619e-21
615,80,3.10382332286364e-30
616,80,3.81161591021144e-18
617,80,5.11909632497759e-09
618,80,0.000768727559422382
619,80,6.37242448917525e-05
620,80,0.00257500787407638
621,80,3.07788531369378e-06
622,80,6.88729061945207e-07
623,80,1.12141347044373e-10
624,80,7.75488047620358e-17
655,80,2.86379667004478e-32
656,80,1.55284201402905e-18
657,80,3.75315369457651e-09
658,80,0.000124187277734902
659,80,0.0162004597510627
660,80,0.000629763840060972
661,80,0.0198321351527697
662,80,3.83071079014508e-05
663,80,4.36319538906775e-07
664,80,3.8116270499195e-19
696,80,2.25850139047206e-21
697,80,6.90645438043229e-12
698,80,6.35193655423172e-05
699,80,0.00218088422351051
700,80,0.138884049203344
701,80,0.00225993277766531
702,80,0.0281466273414331
703,80,1.29193854729569e-09
704,80,3.3676154804893e-16
736,80,1.34760850896207e-26
737,80,8.5776234167703e-14
738,80,1.05233986799306e-08
739,80,0.115647670546444
740,80,0.00873676523084864
741,80,0.321127303587426
742,80,3.87356597843585e-06
743,80,1.50651629500111e-07
744,80,2.71279177817058e-18
777,80,1.56238988630356e-19
778,80,4.97373133405611e-08
779,80,1.51599751673366e-06
780,80,0.341299219978424
781,80,0.00134855828098021
782,80,6.43870163078297e-06
783,80,4.53545425651771e-13
818,80,2.19970287449325e-14
819,80,1.2768513466557e-07
820,80,8.62457853666979e-09
821,80,5.26110191943296e-06
822,80,9.36600999741288e-11
458,90,2.0353096288394e-34
459,90,5.27795568846933e-37
460,90,9.47245478596576e-34
461,90,6.45320458312884e-37
462,90,1.41994488306151e-33
497,90,4.47517200899624e-26
498,90,2.10620064545774e-24
499,90,4.44656570177887e-20
500,90,4.10085810330503e-23
501,90,3.20053830077608e-20
502,90,1.25117613174038e-26
503,90,2.63548194739509e-30
536,90,1.87510220641111e-22
537,90,2.49911403052937e-19
538,90,2.4529808400465e-12
539,90,9.41100630283405e-14
540,90,1.36597977124294e-10
541,90,3.27526303683229e-15
542,90,1.42310638602663e-17
543,90,2.53571016217755e-23
544,90,1.02090570608597e-26
576,90,2.0766475434694e-17
577,90,2.57777550351793e-10
578,90,1.25919862139744e-09
579,90,3.82438145356426e-05
580,90,2.99905878579072e-08
581,90,1.84994577029122e-08
582,90,1.13524296142866e-12
583,90,7.9736609239598e-15
584,90,7.65655725770793e-21
615,90,2.65548260734732e-30
616,90,3.49469732381684e-18
617,90,4.47745403249925e-09
618,90,0.000634748050198502
619,90,5.46319083209762e-05
620,90,0.00218768537482745
621,90,2.39299394405855e-06
622,90,6.20372539869692e-07
623,90,9.19636908472356e-11
624,90,7.08642571501016e-17
655,90,2.63143355407636e-32
656,90,1.34414753932176e-18
657,90,3.46562906733089e-09
658,90,0.000109788134752688
659,90,0.0147457887395285
660,90,0.000579992772572007
661,90,0.0180142580886985
662,90,3.1866989693388e-05
663,90,4.01750148806743e-07
664,90,3.37847863779013e-19
696,90,2.09014163696967e-21
697,90,6.04989506390933e-12
698,90,6.41371019731711e-05
699,90,0.00211143994490332
700,90,0.134967575223795
701,90,0.00218492367413955
702,90,0.0261049048024527
703,90,1.15565232054344e-09
704,90,3.07787422541643e-16
736,90,1.16845877312517e-26
737,90,8.61348817689776e-14
738,90,1.01710666378077e-08
739,90,0.11427937632729
740,90,0.00892333478751232
741,90,0.322256847456448
742,90,4.08419979445715e-06
743,90,1.3879918571274e-07
744,90,2.42532135857454e-18
777,90,1.50435811212774e-19
778,90,4.8970091444578e-08
779,90,1.54502930098413e-06
780,90,0.351302550555402
781,90,0.00138659824575343
782,90,6.45259192979546e-06
783,90,4.71577049235308e-13
818,90,2.23160447857386e-14
819,90,1.31379570050884e-07
820,90,8.85152194214256e-09
821,90,5.4134574442015e-06
822,90,9.60241616441927e-11
458,100,1.38810367242628e-34
459,100,3.6542851077214e-37
460,100,6.4603400658866e-34
461,100,4.4676723353181e-37
462,100,9.68426038942271e-34
497,100,3.13999936504197e-26
498,100,1.57366673871033e-24
499,100,3.12048220819033e-20
500,100,3.06341233814389e-23
501,100,2.24606922336255e-20
502,100,9.30265738785903e-27
503,100,2.12142501852817e-30
536,100,1.4895658365997e-22
537,100,2.06620379391337e-19
538,100,1.76624406086314e-12
539,100,7.39661726125999e-14
540,100,9.83728796037734e-11
541,100,2.56625863649934e-15
542,100,1.16411284170261e-17
543,100,1.8624469126391e-23
544,100,8.92333538166859e-27
576,100,1.78566540475329e-17
577,100,2.07843798168494e-10
578,100,1.05503824121077e-09
579,100,2.81939702907246e-05
580,100,2.43413943571327e-08
581,100,1.5349328999431e-08
582,100,8.65428267061898e-13
583,100,7.04710182359522e-15
584,100,6.18433399999448e-21
615,100,2.25453171200334e-30
616,100,3.21618197696899e-18
617,100,3.89423308944383e-09
618,100,0.000518674668596524
619,100,4.63431715241607e-05
620,100,0.00183756193649313
621,100,1.88891920564167e-06
622,100,5.53654929778264e-07
623,100,7.54740337056134e-11
624,100,6.45268648000017e-17
655,100,2.4272147718117e-32
656,100,1.15580908013015e-18
657,100,3.21178995385154e-09
658,100,9.66050834837474e-05
659,100,0.0133116850856448
660,100,0.000530062889546316
661,100,0.0162300402247449
662,100,2.65679894475547e-05
663,100,3.68853577662414e-07
664,100,3.05038732587126e-19
696,100,1.9412798776533e-21
697,100,5.27050088557339e-12
698,100,6.48074729375041e-05
699,100,0.00203528577498405
700,100,0.130413410005229
701,100,0.00210389864689323
702,100,0.0241553308921737
703,100,1.05214775800496e-09
704,100,2.80316511357533e-16
736,100,1.00656332994135e-26
737,100,8.67043571117001e-14
738,100,9.78453235104545e-09
739,100,0.112970805849726
740,100,0.00910333589599395
741,100,0.322661544232177
742,100,4.39319744301051e-06
743,100,1.27518427376882e-07
744,100,2.21085583397042e-18
777,100,1.4409264306022e-19
778,100,4.82179628385523e-08
779,100,1.57404603452516e-06
780,100,0.362404006461812
781,100,0.00144064946755515
782,100,6.44964972889894e-06
783,100,5.05045416956543e-13
818,100,2.26895033421675e-14
819,100,1.35476146211548e-07
820,100,9.17697428641743e-09
821,100,5.58239214848135e-06
822,100,9.94137645049089e-11
458,110,9.29138952634469e-35
459,110,2.62550880913435e-37
460,110,4.32429917565424e-34
461,110,3.20975296072983e-37
462,110,6.48230099509304e-34
497,110,2.16977192453424e-26
498,110,1.19591653489829e-24
499,110,2.15671288960858e-20
500,110,2.32777983557652e-23
501,110,1.55237699725916e-20
502,110,7.04788956389895e-27
503,110,1.67562187594862e-30
536,110,1.16511501596944e-22
537,110,1.68224707103675e-19
538,110,1.25594284604992e-12
539,110,5.84075302082022e-14
540,110,6.9964361311876e-11
541,110,2.02269001643217e-15
542,110,9.36739116754598e-18
543,110,1.38398393699547e-23
544,110,7.69529371545654e-27
576,110,1.52329882294491e-17
577,110,1.65346185443779e-10
578,110,8.72154744175093e-10
579,110,2.05715734333068e-05
580,110,1.9734234444827e-08
581,110,1.25538032756108e-08
582,110,6.68024169620392e-13
583,110,6.15536893058877e-15
584,110,4.98824692776523e-21
615,110,1.89619000663865e-30
616,110,2.9708321517694e-18
617,110,3.36425076736847e-09
618,110,0.000418886308938693
619,110,3.88491599219519e-05
620,110,0.0015239713197627
621,110,1.50900286273753e-06
622,110,4.89021241080107e-07
623,110,6.19645875538409e-11
624,110,5.84975442704709e-17
655,110,2.2463868504821e-32
656,110,9.85991538445116e-19
657,110,2.98740251350398e-09
658,110,8.4529594004023e-05
659,110,0.0119078860207899
660,110,0.000480349628877425
661,110,0.0144903993284052
662,110,2.21905103178039e-05
663,110,3.37422559204736e-07
664,110,2.80882084430414e-19
696,110,1.80904054858041e-21
697,110,4.56143642293462e-12
698,110,6.54580396372578e-05
699,110,0.00195239615177965
700,110,0.125232314885374
701,110,0.00201692294491626
702,110,0.0222853105468574
703,110,9.76249564740635e-10
704,110,2.5417929627669e-16
736,110,8.60397796086849e-27
737,110,8.72636810958782e-14
738,110,9.36354078649557e-09
739,110,0.111687618044803
740,110,0.00927504468214579
741,110,0.322275625378728
742,110,4.79602486426531e-06
743,110,1.16738059333901e-07
744,110,2.0565627729008e-18
777,110,1.37201064920111e-19
778,110,4.74649995744219e-08
779,110,1.60134249119654e-06
780,110,0.374687960193555
781,110,0.00151242121642593
782,110,6.42839886557237e-06
783,110,5.51427943944036e-13
818,110,2.30471521267752e-14
819,110,1.40005724931617e-07
820,110,9.61089002127416e-09
821,110,5.76917870723157e-06
822,110,1.03938029068808e-10
458,120,6.07837234623865e-35
459,120,1.90605615678779e-37
460,120,2.82894268992063e-34
461,120,2.33013343729138e-37
462,120,4.24072666407464e-34
497,120,1.47156265172925e-26
498,120,9.08266240083004e-25
499,120,1.46303024941971e-20
500,120,1.76775883296094e-23
501,120,1.05308150426263e-20
502,120,5.34279821465136e-27
503,120,1.29496709537655e-30
536,120,8.95280928456164e-23
537,120,1.34580068660419e-19
538,120,8.79450071516704e-13
539,120,4.58352408309245e-14
540,120,4.90014848322496e-11
541,120,1.58561456040312e-15
542,120,7.39774379061654e-18
543,120,1.03727715523079e-23
544,120,6.53452565808164e-27
576,120,1.2871789613918e-17
577,120,1.29539699055709e-10
578,120,7.10043155915224e-10
579,120,1.48195588297933e-05
580,120,1.58693709986132e-08
581,120,1.01015446639011e-08
582,120,5.20187787298852e-13
583,120,5.30500737269604e-15
584,120,4.01459607751736e-21
615,120,1.57684462816733e-30
616,120,2.75367266808107e-18
617,120,2.88311464514101e-09
618,120,0.000333833064646055
619,120,3.21354770478418e-05
620,120,0.00124593785988784
621,120,1.21505317775769e-06
622,120,4.26912607403731e-07
623,120,5.08556721915038e-11
624,120,5.27430712477956e-17
655,120,2.08479374983342e-32
656,120,8.33161737252308e-19
657,120,2.78832982050479e-09
658,120,7.34695903805587e-05
659,120,0.0105441337201675
660,120,0.000431223623594799
661,120,0.0128062659955764
662,120,1.85549349865922e-05
663,120,3.0727822118886e-07
664,120,2.64121558473854e-19
696,120,1.69071925879466e-21
697,120,3.91689267092589e-12
698,120,6.60384207044532e-05
699,120,0.00186277574215987
700,120,0.119439731486834
701,120,0.00192404093381058
702,120,0.0204838207841094
703,120,9.24369979767816e-10
704,120,2.29231552477933e-16
736,120,7.28663343357094e-27
737,120,8.77006787057764e-14
738,120,8.90818724387275e-09
739,120,0.110391020020947
740,120,0.00943615899963434
741,120,0.321021750344044
742,120,5.29876361819738e-06
743,120,1.06396424231297e-07
744,120,1.95405758318087e-18
777,120,1.29765267632366e-19
778,120,4.66931961567632e-08
779,120,1.6259960523346e-06
780,120,0.388248586916995
781,120,0.00160411539068886
782,120,6.38710448757394e-06
783,120,6.10506817181994e-13
818,120,2.33606316875707e-14
819,120,1.45002754755426e-07
820,120,1.01665132145096e-08
821,120,5.9752377180619e-06
822,120,1.0973719475437e-10
458,130,3.86530414931237e-35
459,130,1.37126589234165e-37
460,130,1.79896426747133e-34
461,130,1.67632761828439e-37
462,130,2.69675619775313e-34
497,130,9.75296061919031e-27
498,130,6.80969189268768e-25
499,130,9.6988261082917e-21
500,130,1.32531472913966e-23
501,130,6.98123257940144e-21
502,130,4.00148052996891e-27
503,130,9.75642638811645e-31
536,130,6.73889027701768e-23
537,130,1.05501354928817e-19
538,130,6.04263853553426e-13
539,130,3.54701691166345e-14
540,130,3.367640279746e-11
541,130,1.22635969482211e-15
542,130,5.71709535502814e-18
543,130,7.80488599446007e-24
544,130,5.45022910114579e-27
576,130,1.07530984788578e-17
577,130,9.97146202001914e-11
578,130,5.68040743302015e-10
579,130,1.05089868554724e-05
580,130,1.25918146352391e-08
581,130,7.97820772248239e-09
582,130,4.06683768497436e-13
583,130,4.50236262070576e-15
584,130,3.21968191081876e-21
615,130,1.29347670574502e-30
616,130,2.55980936119669e-18
617,130,2.44713437223535e-09
618,130,0.000262041975731519
619,130,2.61824399709986e-05
620,130,0.00100220842751812
621,130,9.81488819166286e-07
622,130,3.67762648751143e-07
623,130,4.16760847270225e-11
624,130,4.72361898532611e-17
655,130,1.93844356149835e-32
656,130,6.96027822560877e-19
657,130,2.61045945040374e-09
658,130,6.33480062190127e-05
659,130,0.00923009806401211
660,130,0.000383055596681881
661,130,0.011188529601148
662,130,1.55153758639883e-05
663,130,2.78270650718462e-07
664,130,2.53907602376331e-19
696,130,1.58364826531341e-21
697,130,3.33199036404292e-12
698,130,6.65007128639844e-05
699,130,0.00176647183520592
700,130,0.113056872675553
701,130,0.00182529547189595
702,130,0.0187414363540362
703,130,8.94096710331685e-10
704,130,2.0535485172667e-16
736,130,6.10263638420699e-27
737,130,8.79310118052525e-14
738,130,8.41886219338672e-09
739,130,0.109036920732718
740,130,0.00958370877158356
741,130,0.318809905724032
742,130,5.91412845582222e-06
743,130,9.64416944951047e-08
744,130,1.89791113399426e-18
777,130,1.21797097448478e-19
778,130,4.58821044519038e-08
779,130,1.64721608727251e-06
780,130,0.403190847349135
781,130,0.00171849763550173
782,130,6.32374842292151e-06
783,130,6.83339010292948e-13
818,130,2.36125863296498e-14
819,130,1.50505630146715e-07
820,130,1.08606189414101e-08
821,130,6.2021524938587e-06
822,130,1.1698734772641e-10
458,140,2.37228797140194e-35
459,140,9.63262790448136e-38
460,140,1.10410040073508e-34
461,140,1.17754457355889e-37
462,140,1.65512635037517e-34
497,140,6.28149990929971e-27
498,140,4.99223626009984e-25
499,140,6.24839192902332e-21
500,140,9.71575070819684e-24
501,140,4.49765332062263e-21
502,140,2.93182967714843e-27
503,140,7.13222455912555e-31
536,140,4.95084744249855e-23
537,140,8.07652356104e-20
538,140,4.05574699820243e-13
539,140,2.68956821504406e-14
540,140,2.26090647370228e-11
541,140,9.29679842412118e-16
542,140,4.30774002038487e-18
543,140,5.8605619286049e-24
544,140,4.45098339031069e-27
576,140,8.86021822533809e-18
577,140,7.51984263867366e-11
578,140,4.45333057221474e-10
579,140,7.30879191203682e-06
580,140,9.81321942496231e-09
581,140,6.16674494223868e-09
582,140,3.17426448054733e-13
583,140,3.75349195365972e-15
584,140,2.56825736955736e-21
615,140,1.04353829002608e-30
616,140,2.3843686734986e-18
617,140,2.05324954811916e-09
618,140,0.000202119009923981
619,140,2.09651821094341e-05
620,140,0.000791275451476435
621,140,7.91314279203815e-07
622,140,3.11993041770915e-07
623,140,3.40460432327513e-11
624,140,4.19558641428193e-17
655,140,1.80337748781339e-32
656,140,5.73509143099104e-19
657,140,2.44967147384394e-09
658,140,5.4101423285426e-05
659,140,0.00797528494510359
660,140,0.000336218725309644
661,140,0.00964795725937189
662,140,1.29543042838963e-05
663,140,2.50280041189385e-07
664,140,2.49702385974195e-19
696,140,1.48515107605868e-21
697,140,2.80268804370322e-12
698,140,6.67924640929623e-05
699,140,0.00166358973730611
700,140,0.1061119803354
701,140,0.00172074717142541
702,140,0.0170503872596531
703,140,8.83976843108213e-10
704,140,1.82457648951502e-16
736,140,5.04282788783907e-27
737,140,8.78712186438992e-14
738,140,7.8963016977917e-09
739,140,0.107574958679174
740,140,0.00971394509155613
741,140,0.315536146415031
742,140,6.65993928703868e-06
743,140,8.68322561670141e-08
744,140,1.88492375121577e-18
777,140,1.1331593686564e-19
778,140,4.50084008595783e-08
779,140,1.66412983554101e-06
780,140,0.419631588632588
781,140,0.00185898369531572
782,140,6.23600108758416e-06
783,140,7.71814370593221e-13
818,140,2.37870611575059e-14
819,140,1.56557094598746e-07
820,140,1.17139764413086e-08
821,140,6.45168568522726e-06
822,140,1.25906018533965e-10
458,150,1.39177417095806e-35
459,150,6.52040728014666e-38
460,150,6.4775769397106e-35
461,150,7.97084873241964e-38
462,150,9.71044484952651e-35
497,150,3.90297546101087e-27
498,150,3.54683983476223e-25
499,150,3.88364890786799e-21
500,150,6.90267235056948e-24
501,150,2.79552319412091e-21
502,150,2.08241037604746e-27
503,150,5.02762506095684e-31
536,150,3.53345326423652e-23
537,150,6.01118520884804e-20
538,150,2.64404889351692e-13
539,150,1.98574902089675e-14
540,150,1.47437435768787e-11
541,150,6.86373034690639e-16
542,150,3.14966205109524e-18
543,150,4.35965827655369e-24
544,150,3.54454662797791e-27
576,150,7.17930337707512e-18
577,150,5.53562621474405e-11
578,150,3.40957531315653e-10
579,150,4.96252719569157e-06
580,150,7.47639423864908e-09
581,150,4.64765046680563e-09
582,150,2.45798758779556e-13
583,150,3.06405632742771e-15
584,150,2.03218374228163e-21
615,150,8.24880030685098e-31
616,150,2.22246505611303e-18
617,150,1.69896007770439e-09
618,150,0.000152748381502697
619,150,1.64536922239293e-05
620,150,0.000611394050733478
621,150,6.33358584034475e-07
622,150,2.60007658382483e-07
623,150,2.76625378062123e-11
624,150,3.68876563907086e-17
655,150,1.67562119519132e-32
656,150,4.64709586322818e-19
657,150,2.30181212513934e-09
658,150,4.56787508900301e-05
659,150,0.00678892652863086
660,150,0.000291088946484688
661,150,0.00819508087073738
662,150,1.07779810661827e-05
663,150,2.23218455250794e-07
664,150,2.51227622494665e-19
696,150,1.39251914248639e-21
697,150,2.32569174013507e-12
698,150,6.68535440966374e-05
699,150,0.00155431164256204
700,150,0.0986417744955117
701,150,0.00161049483068099
702,150,0.0154046508921387
703,150,8.93395214302751e-10
704,150,1.60476913801573e-16
736,150,4.09963444917268e-27
737,150,8.74288150846055e-14
738,150,7.34168806643536e-09
739,150,0.105947395778446
740,150,0.00982220480252779
741,150,0.31108116164401
742,150,7.55875847968043e-06
743,150,7.75373012782921e-08
744,150,1.91374306471533e-18
777,150,1.04350527835539e-19
778,150,4.40453897680044e-08
779,150,1.67570452182542e-06
780,150,0.437700775812255
781,150,0.00202974431465021
782,150,6.12118948780758e-06
783,150,8.78487308719642e-13
818,150,2.38666558163463e-14
819,150,1.6320469188869e-07
820,150,1.27519686625927e-08
821,150,6.72579789086308e-06
822,150,1.36758913572929e-10
458,160,7.70219752220819e-36
459,160,4.1925933673704e-38
460,160,3.58477213068789e-35
461,160,5.12520131268721e-38
462,160,5.373938973605e-35
497,160,2.31691140809914e-27
498,160,2.41800354485533e-25
499,160,2.30629030613897e-21
500,160,4.70575924705209e-24
501,160,1.66013476157049e-21
502,160,1.41951059878561e-27
503,160,3.38884654179414e-31
536,160,2.43482737790939e-23
537,160,4.3246328007495e-20
538,160,1.66194879274344e-13
539,160,1.41738008577341e-14
540,160,9.27042058074135e-12
541,160,4.89960235834454e-16
542,160,2.22081191263859e-18
543,160,3.18534486968361e-24
544,160,2.73760928881914e-27
576,160,5.69893986622459e-18
577,160,3.95904784692314e-11
578,160,2.53806483498345e-10
579,160,3.2705979523898e-06
580,160,5.53858854575823e-09
581,160,3.39917164804661e-09
582,160,1.87503456493486e-13
583,160,2.43918342754784e-15
584,160,1.58927483970178e-21
615,160,6.35681660678048e-31
616,160,2.06917063351182e-18
617,160,1.38225526954084e-09
618,160,0.000112690124241392
619,160,1.26128306186545e-05
620,160,0.000460595995474758
621,160,5.00379869995437e-07
622,160,2.12184972285955e-07
623,160,2.22868562416609e-11
624,160,3.20242419449473e-17
655,160,1.55115571146385e-32
656,160,3.68890414573287e-19
657,160,2.16266409685813e-09
658,160,3.80399013547218e-05
659,160,0.00567984893129459
660,160,0.000248043460325676
661,160,0.00684004664003833
662,160,8.91259838342554e-06
663,160,1.9703226244434e-07
664,160,2.58431458693124e-19
696,160,1.30299171454918e-21
697,160,1.89836316416885e-12
698,160,6.66141366587309e-05
699,160,0.00143891958698856
700,160,0.0906931218501369
701,160,0.00149469800936509
702,160,0.0138000821430489
703,160,9.22500673919432e-10
704,160,1.39380352223326e-16
736,160,3.26684292305918e-27
737,160,8.64976560695057e-14
738,160,6.75679941006803e-09
739,160,0.104087861663675
740,160,0.00990274637527744
741,160,0.305308646431592
742,160,8.63810239141653e-06
743,160,6.853764916557e-08
744,160,1.98463230953913e-18
777,160,9.49425849473918e-20
778,160,4.29624386756547e-08
779,160,1.6807290738068e-06
780,160,0.457542868507335
781,160,0.00223583221141293
782,160,5.97626087882266e-06
783,160,1.00653571436452e-12
818,160,2.38327361667876e-14
819,160,1.70501270692717e-07
820,160,1.40053629327617e-08
821,160,7.02666846929884e-06
822,160,1.49868030831495e-10
458,170,3.9443821829721e-36
459,170,2.51412871706201e-38
460,170,1.83581779261576e-35
461,170,3.07336741878082e-38
462,170,2.75211299162577e-35
497,170,1.296534189411e-27
498,170,1.56202508479428e-25
499,170,1.29114772949385e-21
500,170,3.03989714377506e-24
501,170,9.29421203762788e-22
502,170,9.16983697206635e-28
503,170,2.15862642274262e-31
536,170,1.60641788530807e-23
537,170,2.98405373933323e-20
538,170,9.97378038482317e-14
539,170,9.69355721437402e-15
540,170,5.56552796686872e-12
541,170,3.35137458449307e-16
542,170,1.49738487575354e-18
543,170,2.26220940693824e-24
544,170,2.03549021180808e-27
576,170,4.40969636927297e-18
577,170,2.73396642986205e-11
578,170,1.82630784247071e-10
579,170,2.07679007221505e-06
580,170,3.96324638846334e-09
581,170,2.39751765465175e-09
582,170,1.39776587734574e-13
583,170,1.88329644982529e-15
584,170,1.22230862581326e-21
615,170,4.74377471140624e-31
616,170,1.91948139039828e-18
617,170,1.10153886018838e-09
618,170,8.07766930893163e-05
619,170,9.4023543850305e-06
620,170,0.00033670300828776
621,170,3.87760007435716e-07
622,170,1.68868433212514e-07
623,170,1.77340161420519e-11
624,170,2.73660750709625e-17
655,170,1.42589159616371e-32
656,170,2.85441228012628e-19
657,170,2.02791182474287e-09
658,170,3.11544119313503e-05
659,170,0.00465631220850018
660,170,0.00020745751730796
661,170,0.0055924206250715
662,170,7.30103829502867e-06
663,170,1.71705323626563e-07
664,170,2.71460399259052e-19
696,170,1.21373416101759e-21
697,170,1.5186231552541e-12
698,170,6.59929530462806e-05
699,170,0.0013178232447109
700,170,0.0823249555206839
701,170,0.00137360267733705
702,170,0.012234585542763
703,170,9.72153184037881e-10
704,170,1.1916928063772e-16
736,170,2.5393621848786e-27
737,170,8.49547768247086e-14
738,170,6.14425184627825e-09
739,170,0.101919928381329
740,170,0.00994855195834328
741,170,0.298063456448922
742,170,9.93092666743137e-06
743,170,5.98268212382932e-08
744,170,2.09927616344175e-18
777,170,8.51543565464343e-20
778,170,4.17243368089742e-08
779,170,1.67788409296069e-06
780,170,0.479318359298142
781,170,0.00248333514636199
782,170,5.79774158708967e-06
783,170,1.15977116700017e-12
818,170,2.36700718291117e-14
819,170,1.78505548584911e-07
820,170,1.5511253851741e-08
821,170,7.35671880008159e-06
822,170,1.65621429375843e-10
458,180,1.81531673613349e-36
459,180,1.36917461605747e-38
460,180,8.44904217494752e-36
461,180,1.67372658687948e-38
462,180,1.26663319407209e-35
497,180,6.70894013294987e-28
498,180,9.39680972413044e-26
499,180,6.68449703639777e-22
500,180,1.82872759054884e-24
501,180,4.8118714783836e-22
502,180,5.51626682653767e-28
503,180,1.27718043560006e-31
536,180,1.00297136211039e-23
537,180,1.95354853152231e-20
538,180,5.63838784174705e-14
539,180,6.27626139103796e-15
540,180,3.14770195147003e-12
541,180,2.17024450834329e-16
542,180,9.54132273772397e-19
543,180,1.54129974061583e-24
544,180,1.4417648325781e-27
576,180,3.30362794922171e-18
577,180,1.80775379668075e-11
578,180,1.26045313478733e-10
579,180,1.25815010460536e-06
580,180,2.71572610008632e-09
581,180,1.61709313518473e-09
582,180,1.00845820506351e-13
583,180,1.39990286630908e-15
584,180,9.18182235094855e-22
615,180,3.39573156505887e-31
616,180,1.76828058636773e-18
617,180,8.55546901245056e-10
618,180,5.59092666948237e-05
619,180,6.77698275032178e-06
620,180,0.000237341813869908
621,180,2.92598829509306e-07
622,180,1.30354468872096e-07
623,180,1.38638192768064e-11
624,180,2.29222231298143e-17
655,180,1.29564581773574e-32
656,180,2.13847842172479e-19
657,180,1.89310240393356e-09
658,180,2.49999564072774e-05
659,180,0.0037258169716863
660,180,0.000169699436458431
661,180,0.00446094290358687
662,180,5.90015330336543e-06
663,180,1.47263007946384e-07
664,180,2.90621533242062e-19
696,180,1.12181470294121e-21
697,180,1.18484712298006e-12
698,180,6.48953646110188e-05
699,180,0.001191593496782
700,180,0.0736104821943473
701,180,0.0012475709860425
702,180,0.010708334243631
703,180,1.0438641257249e-09
704,180,9.98822277163704e-17
736,180,1.91296659759239e-27
737,180,8.2657501070834e-14
738,180,5.50798818814754e-09
739,180,0.0993554921576859
740,180,0.00995108929226678
741,180,0.289169521329869
742,180,1.14761599588917e-05
743,180,5.14123983007054e-08
744,180,2.26050721760225e-18
777,180,7.50880104728154e-20
778,180,4.02905670517747e-08
779,180,1.66608446300576e-06
780,180,0.503205492403674
781,180,0.00277955982511854
782,180,5.58169043855566e-06
783,180,1.34264327549598e-12
818,180,2.33846873135111e-14
819,180,1.8728274223285e-07
820,180,1.73142236114939e-08
821,180,7.71863827528105e-06
822,180,1.84484961743292e-10
458,190,7.15280162090219e-37
459,190,6.48999167388148e-39
460,190,3.32917661405849e-36
461,190,7.9335555478319e-39
462,190,4.99101164167854e-36
497,190,3.1172864243482e-28
498,190,5.12915041706493e-26
499,190,3.10786563875747e-22
500,190,9.9818205719875e-25
501,190,2.23726808974269e-22
502,190,3.01067239175282e-28
503,190,6.83340860928733e-32
536,190,5.82524304332049e-24
537,190,1.19446613486019e-20
538,190,2.94527900146612e-14
539,190,3.78203231754751e-15
540,190,1.64510355490448e-12
541,190,1.30791064280269e-16
542,190,5.64735452571803e-19
543,190,9.89815916900427e-25
544,190,9.57814609259628e-28
576,190,2.37371047476544e-18
577,190,1.13120292217164e-11
578,190,8.25374017608359e-11
579,190,7.17468954928562e-07
580,190,1.76099176594964e-09
581,190,1.03078483452078e-09
582,190,6.95531359354232e-14
583,190,9.91336636193948e-16
584,190,6.67184099064375e-22
615,190,2.29950265765664e-31
616,190,1.610304589173e-18
617,190,6.43254939128568e-10
618,190,3.70543540898715e-05
619,190,4.6865370887619e-06
620,190,0.000159963339745997
621,190,2.13076968120591e-07
622,190,9.68777239649451e-08
623,190,1.0573237045496e-11
624,190,1.87113895029549e-17
655,190,1.15613218962677e-32
656,190,1.53655689539099e-19
657,190,1.75360419093371e-09
658,190,1.95606802677899e-05
659,190,0.00289487129350321
660,190,0.000135123677989458
661,190,0.00345322181220701
662,190,4.67847620528524e-06
663,190,1.23777143359828e-07
664,190,3.16308885489445e-19
696,190,1.02418255452752e-21
697,190,8.95750114988364e-13
698,190,6.32113516840908e-05
699,190,0.00106100291065098
700,190,0.0646397176314381
701,190,0.00111711649910141
702,190,0.00922404153030836
703,190,1.13968141743714e-09
704,190,8.1599351982111e-17
736,190,1.38402554158453e-27
737,190,7.94404617458988e-14
738,190,4.85452214406301e-09
739,190,0.0962929356335763
740,190,0.00990002548004942
741,190,0.278427488251935
742,190,1.33189613255129e-05
743,190,4.33176946919249e-08
744,190,2.47174657615871e-18
777,190,6.49432584721068e-20
778,190,3.86144793694088e-08
779,190,1.64573952315133e-06
780,190,0.529402183495809
781,190,0.00313325227936555
782,190,5.32364616279094e-06
783,190,1.56015837460348e-12
818,190,2.30655951785716e-14
819,190,1.969052714492e-07
820,190,1.94678160567727e-08
821,190,8.11541333723778e-06
822,190,2.07016334842047e-10
458,200,2.20232101558692e-37
459,200,2.48028641127651e-39
460,200,1.02505798436267e-36
461,200,3.03195128428283e-39
462,200,1.5367771200595e-36
497,200,1.23897927094277e-28
498,200,2.43541175950133e-26
499,200,1.23619410368347e-22
500,200,4.7394565752377e-25
501,200,8.89929442161694e-23
502,200,1.42908863512359e-28
503,200,3.15955297342195e-32
536,200,3.06446791149394e-24
537,200,6.65878473393437e-21
538,200,1.38047751384493e-14
539,200,2.0670545269294e-15
540,200,7.71566158700636e-13
541,200,7.1481993389675e-17
542,200,3.02273489989373e-19
543,200,5.83906189071102e-25
544,200,5.82285023885121e-28
576,200,1.61317925919891e-18
577,200,6.5848616169698e-12
578,200,5.04796554270702e-11
579,200,3.77774456759092e-07
580,200,1.06238807985858e-09
581,200,6.10330010791107e-10
582,200,4.50870741549831e-14
583,200,6.58446349682946e-16
584,200,4.62354358909843e-22
615,200,1.44153317550487e-31
616,200,1.44012623473948e-18
617,200,4.63770208588489e-10
618,200,2.32412696261422e-05
619,200,3.07619642642707e-06
620,200,0.000101868555095317
621,200,1.47997561643258e-07
622,200,6.8593086542434e-08
623,200,7.78982798891973e-12
624,200,1.4763149106117e-17
655,200,1.00300128205318e-32
656,200,1.04427035547477e-19
657,200,1.60456825348024e-09
658,200,1.48252812583581e-05
659,200,0.00216871074626622
660,200,0.000104061670484218
661,200,0.00257535839649418
662,200,3.6142680967522e-06
663,200,1.01372018784938e-07
664,200,3.48837197156762e-19
696,200,9.17656861927223e-22
697,200,6.50263375030182e-13
698,200,6.08132601132711e-05
699,200,0.000927074537711947
700,200,0.0555223970490583
701,200,0.000982946798875543
702,200,0.00778729151306518
703,200,1.26191468898221e-09
704,200,6.44477782975316e-17
736,200,9.49256584166156e-28
737,200,7.51125891858829e-14
738,200,4.19663055453571e-09
739,200,0.0926150404237907
740,200,0.00978288154739035
741,200,0.265612063956186
742,200,1.5510018025336e-05
743,200,3.55837893230033e-08
744,200,2.73571148985798e-18
777,200,5.52014907305328e-20
778,200,3.66423522645535e-08
779,200,1.6230958478179e-06
780,200,0.558128164028274
781,200,0.00355486150481894
782,200,5.01856806174725e-06
783,200,1.81754967719315e-12
818,200,2.30932676613493e-14
819,200,2.07453545694672e-07
820,200,2.20365699797972e-08
821,200,8.55035991725894e-06
822,200,2.33881939158476e-10
458,210,4.26115626446448e-38
459,210,6.47879903323569e-40
460,210,1.98337315811371e-37
461,210,7.91970236968027e-40
462,210,2.97358664755634e-37
497,210,3.84429812253733e-29
498,210,9.31982180563894e-27
499,210,3.83945899189371e-23
500,210,1.81363058472265e-25
501,210,2.76411266516639e-23
502,210,5.46525204782567e-29
503,210,1.15634421253364e-32
536,210,1.3956882692661e-24
537,210,3.25247087448835e-21
538,210,5.53070205664775e-15
539,210,9.82480938749576e-16
540,210,3.09363570314636e-13
541,210,3.39676325990396e-17
542,210,1.39817985472357e-19
543,210,3.03545756223279e-25
544,210,3.10437704785165e-28
576,210,1.0147362516701e-18
577,210,3.47193921652569e-12
578,210,2.81488887505122e-11
579,210,1.78355417628937e-07
580,210,5.81121345633761e-10
581,210,3.26797486270817e-10
582,210,2.67877572471641e-14
583,210,4.00220668116124e-16
584,210,2.98899731017943e-22
615,210,8.06518488160987e-32
616,210,1.25220112706436e-18
617,210,3.16203509895643e-10
618,210,1.35610278496858e-05
619,210,1.88691813233211e-06
620,210,6.02436073363656e-05
621,210,9.64458772228559e-08
622,210,4.55539837589755e-08
623,210,5.46586647850383e-12
624,210,1.11194242055802e-17
655,210,8.32041604658475e-33
656,210,6.56897306437922e-20
657,210,1.44090749413122e-09
658,210,1.07847415033003e-05
659,210,0.00155096339382289
660,210,7.68099468584712e-05
661,210,0.00183148969416505
662,210,2.69381220221512e-06
663,210,8.02315753293792e-08
664,210,3.8805435449057e-19
696,210,7.98955199106437e-22
697,210,4.47419818373021e-13
698,210,5.7553491842946e-05
699,210,0.000791140842770757
700,210,0.0463913131517766
701,210,0.000846016610794876
702,210,0.00640693675877306
703,210,1.41246190024094e-09
704,210,4.86079731789261e-17
736,210,6.05653250716462e-28
737,210,6.94546980229118e-14
738,210,3.56514419656836e-09
739,210,0.0881866158799433
740,210,0.00958460962140617
741,210,0.250469019287315
742,210,1.81023057103672e-05
743,210,2.82719602708087e-08
744,210,3.05137389840023e-18
777,210,4.72316793004508e-20
778,210,3.43123269805255e-08
779,210,1.62489885306705e-06
780,210,0.58962737629333
781,210,0.0040568545508768
782,210,4.66076914572622e-06
783,210,2.11932850275648e-12
818,210,2.48384977710263e-14
819,210,2.19016842672941e-07
820,210,2.50993289212305e-08
821,210,9.02715967644594e-06
822,210,2.65876984527457e-10
458,220,1.78271260083071e-39
459,220,6.87760298896207e-41
460,220,8.2977520783181e-39
461,220,8.40693752992934e-41
462,220,1.24405583336862e-38
497,220,7.48821701067248e-30
498,220,2.43709354058767e-27
499,220,7.48822811231396e-24
500,220,4.74227535065456e-26
501,220,5.39121063515015e-24
502,220,1.42728094022645e-29
503,220,2.69496248525723e-33
536,220,5.04216034655948e-25
537,220,1.29354998205615e-21
538,220,1.72858664712047e-15
539,220,3.76290429359685e-16
540,220,9.67878586642097e-14
541,220,1.30016937267861e-17
542,220,5.1191903671844e-20
543,220,1.28868708896394e-25
544,220,1.33380367442389e-28
576,220,5.69569842098973e-19
577,220,1.58485178157772e-12
578,220,1.3753387847651e-11
579,220,7.19275725929671e-08
580,220,2.76334092588137e-10
581,220,1.51215274769097e-10
582,220,1.40009880187206e-14
583,220,2.13341147911035e-16
584,220,1.73617057753275e-22
615,220,3.75622812873105e-32
616,220,1.04111771481302e-18
617,220,1.99513589193655e-10
618,220,7.16722361669177e-06
619,220,1.05608574934455e-06
620,220,3.22071786834274e-05
621,220,5.75264144458089e-08
622,220,2.76863506455881e-08
623,220,3.57280258651838e-12
624,220,7.83623261246428e-18
655,220,6.39891961960612e-33
656,220,3.68739767337906e-20
657,220,1.25733890698594e-09
658,220,7.42959546653442e-06
659,220,0.00104325015301153
660,220,5.36149304899441e-05
661,220,0.00122323772772279
662,220,1.90985349054131e-06
663,220,6.06079458826374e-08
664,220,4.32436707756664e-19
696,220,6.64851308333973e-22
697,220,2.86319128731219e-13
698,220,5.32626431470233e-05
699,220,0.000654915356185663
700,220,0.0374061416958051
701,220,0.000707597352031011
702,220,0.00509557185731007
703,220,1.59118781870081e-09
704,220,3.4321299718562e-17
736,220,3.51116031498549e-28
737,220,6.22199300552579e-14
738,220,3.04773201696024e-09
739,220,0.0828518053900405
740,220,0.00928705454121961
741,220,0.232711815741783
742,220,2.11416229661842e-05
743,220,2.14665772446701e-08
744,220,3.40683516467097e-18
777,220,4.53061077415796e-20
778,220,3.15531970472622e-08
779,220,1.74754293285966e-06
780,220,0.624170648597361
781,220,0.00465409310194038
782,220,4.24384091669404e-06
783,220,2.46685742239408e-12
818,220,3.29993126854796e-14
819,220,2.31694289829718e-07
820,220,2.875607428738e-08
821,220,9.5499005670915e-06
822,220,3.03949620084486e-10
458,230,1.29091400396302e-43
459,230,1.81740274264305e-45
460,230,6.00848176999379e-43
461,230,2.22125603725674e-45
462,230,9.00797983757839e-43
497,230,3.15487374321176e-31
498,230,2.58959508326038e-28
499,230,3.15565283875669e-25
500,230,5.03838860081933e-27
501,230,2.27196400459647e-25
502,230,1.51184139545952e-30
503,230,1.2074680514634e-34
536,230,1.16314849812487e-25
537,230,3.56187135489382e-22
538,230,3.3893765246769e-16
539,230,9.84676838225494e-17
540,230,1.90025114534804e-14
541,230,3.39796780355408e-18
542,230,1.19355730488732e-20
543,230,3.76649927272414e-26
544,230,3.71586868162441e-29
576,230,2.66078008665306e-19
577,230,5.73844537002778e-13
578,230,5.4715991491433e-12
579,230,2.26146032909618e-08
580,230,1.05832674787624e-10
581,230,5.53832888951933e-11
582,230,5.96819864995621e-15
583,230,9.16512574541608e-17
584,230,8.42498152043524e-23
615,230,1.23939498538399e-32
616,230,8.02493028598267e-19
617,230,1.12312766171294e-10
618,230,3.27950537263229e-06
619,230,5.18464016105035e-07
620,230,1.48733481893758e-05
621,230,3.0152700124049e-08
622,230,1.47575868388872e-08
623,230,2.09552304542328e-12
624,230,4.98574496430414e-18
655,230,4.26364895046026e-33
656,230,1.72303599665969e-20
657,230,1.04863131638286e-09
658,230,4.7465827224363e-06
659,230,0.000644708657317689
660,230,3.46533265632049e-05
661,230,0.000749049077914338
662,230,1.26006204778946e-06
663,230,4.28315270401906e-08
664,230,4.76986286277424e-19
696,230,5.12743996976299e-22
697,230,1.66421203602178e-13
698,230,4.77498412588399e-05
699,230,0.000520581547153522
700,230,0.0287578225796758
701,230,0.000569375618835675
702,230,0.00387009332924121
703,230,1.79208499578932e-09
704,230,2.1898939651848e-17
736,230,1.87563187226161e-28
737,230,5.31444739799741e-14
738,230,2.91789559012759e-09
739,230,0.0764310262101772
740,230,0.00886819934124589
741,230,0.212017808348625
742,230,2.46422926581222e-05
743,230,1.52785178975506e-08
744,230,3.76273963575623e-18
777,230,6.33326581735289e-20
778,230,2.82830331096348e-08
779,230,2.32142808609021e-06
780,230,0.66205868351313
781,230,0.00536428417985142
782,230,3.7605700600902e-06
783,230,2.85244756221834e-12
818,230,6.34084567818103e-14
819,230,2.45595960875831e-07
820,230,3.31455474953744e-08
821,230,1.0123123711308e-05
822,230,3.49229937676959e-10
497,240,2.3058260786948e-35
498,240,6.85088820062175e-33
499,240,2.30022726257093e-29
500,240,1.33230149568461e-31
501,240,1.65598127533113e-29
502,240,3.94935128017236e-35
503,240,8.22864634994513e-39
536,240,5.19393618550655e-27
537,240,3.99776499700041e-23
538,240,1.43654236816014e-17
539,240,1.04693012715977e-17
540,240,8.05596943195597e-16
541,240,3.60157206483882e-19
542,240,5.3499162691137e-22
543,240,4.16682697750145e-27
544,240,1.71839317863507e-30
576,240,8.80371616670765e-20
577,240,1.32672289388057e-13
578,240,1.50711869412838e-12
579,240,4.4580359274768e-09
580,240,2.76730195027824e-11
581,240,1.29167281622465e-11
582,240,1.74965274240789e-15
583,240,2.55306747013418e-17
584,240,2.86236779033923e-23
615,240,1.63249322531957e-33
616,240,5.35906425426685e-19
617,240,5.26118719764538e-11
618,240,1.19033407707134e-06
619,240,2.07571570410342e-07
620,240,5.43374136326014e-06
621,240,1.28790538102315e-08
622,240,6.33972738127536e-09
623,240,1.02550420530535e-12
624,240,2.65868711820243e-18
655,240,2.01845988806612e-33
656,240,5.71353209863573e-21
657,240,8.10507279081314e-10
658,240,2.71446312326345e-06
659,240,0.000351424011427551
660,240,2.00062307702552e-05
661,240,0.000403407608494397
662,240,7.45343160938409e-07
663,240,2.73227936216177e-08
664,240,5.0836986643658e-19
696,240,3.42526061838408e-22
697,240,8.90063330424969e-14
698,240,4.08110131718658e-05
699,240,0.00039090897222513
700,240,0.0206735737696176
701,240,0.000433609668936746
702,240,0.00275235787767748
703,240,1.99428442081739e-09
704,240,1.17326975379045e-17
736,240,1.32376761289485e-28
737,240,4.1992570393241e-14
738,240,4.06570277072868e-09
739,240,0.0687174921427969
740,240,0.00830089120829843
741,240,0.188023973384552
742,240,2.85279830235679e-05
743,240,9.84922705679193e-09
744,240,4.01390527587692e-18
777,240,1.4736533179012e-19
778,240,2.44076191427085e-08
779,240,4.46008426267869e-06
780,240,0.703625396151071
781,240,0.006208521696071
782,240,3.20286458459837e-06
783,240,3.24533582105479e-12
818,240,1.69109692756563e-13
819,240,2.60844100719501e-07
820,240,3.84980262967865e-08
821,240,1.07519081683153e-05
822,240,4.03065167857763e-10
536,250,4.51022271400531e-31
537,250,1.17961065959696e-27
538,250,1.05561468836451e-21
539,250,2.77118468321659e-22
540,250,5.90362681616006e-20
541,250,9.41369777290111e-24
542,250,3.64744882428809e-26
543,250,9.15062106695362e-32
544,250,9.11289299438298e-35
576,250,1.15882740040977e-20
577,250,5.9373875654138e-15
578,250,1.69210600019393e-13
579,250,1.89865626495478e-10
580,250,2.93465221560044e-12
581,250,5.79196090509123e-13
582,250,1.94000168657076e-16
583,250,1.18055599298774e-18
584,250,3.19260599590569e-24
615,250,1.72806838375424e-35
616,250,2.54266752248539e-19
617,250,1.74528447754151e-11
618,250,2.75889402436046e-07
619,250,5.76427359072207e-08
620,250,1.26347633171043e-06
621,250,3.78082391307719e-09
622,250,1.76607216440013e-09
623,250,3.50961049078004e-13
624,250,9.67009765745532e-19
655,250,1.06619970313345e-34
656,250,7.94049082912353e-22
657,250,5.42616976917748e-10
658,250,1.29859147986647e-06
659,250,0.000155737562386464
660,250,9.62297158945317e-06
661,250,0.000175900267851779
662,250,3.67680063674811e-07
663,250,1.46060632283697e-08
664,250,4.93902549173885e-19
696,250,1.62560106212048e-22
697,250,6.25719399752575e-14
698,250,3.22636381346213e-05
699,250,0.000269424341448371
700,250,0.013422626342644
701,250,0.000303416071394594
702,250,0.00176995280131079
703,250,2.14117923252678e-09
704,250,4.3111428088259e-18
736,250,2.55909883792376e-28
737,250,2.87131437888381e-14
738,250,9.43774813733604e-09
739,250,0.0594732587705517
740,250,0.00755007394088051
741,250,0.160322102661779
742,250,3.24910145420263e-05
743,250,5.35608453642341e-09
744,250,3.90231821660641e-18
777,250,4.50681460881065e-19
778,250,1.98186698468757e-08
779,250,1.18942769297194e-05
780,250,0.749241643287214
781,250,0.00721194314132561
782,250,2.56195057083234e-06
783,250,3.55874850847072e-12
818,250,5.27436877082492e-13
819,250,2.7757449240512e-07
820,250,4.53345652579545e-08
821,250,1.14426385207072e-05
822,250,4.67063169932148e-10
576,260,4.26262748050156e-25
577,260,5.16694230796424e-19
578,260,4.99446589450168e-18
579,260,1.4011506925748e-14
580,260,7.67659445241438e-17
581,260,3.95114166242716e-17
582,260,4.2675732505376e-21
583,260,6.26020958044328e-23
584,260,4.27423853479689e-29
615,260,1.14047853355954e-35
616,260,1.34603002409283e-20
617,260,2.30288089456647e-12
618,260,1.23737751939634e-08
619,260,6.49415767041662e-09
620,260,5.66713553355366e-08
621,260,4.19784014610963e-10
622,260,8.16612784061693e-11
623,260,3.93901587808846e-14
624,260,4.44782478496756e-20
655,260,7.12075715209349e-38
656,260,1.31152897793698e-22
657,260,2.58070244378528e-10
658,260,4.43319966565461e-07
659,260,4.53687591567977e-05
660,260,3.26502105310618e-06
661,260,5.01128299249403e-05
662,260,1.26841373528046e-07
663,260,5.32479153111242e-09
664,260,3.59931131177241e-19
696,260,8.62285384258346e-24
697,260,1.20572397444718e-13
698,260,2.20677685822824e-05
699,260,0.000160722766051578
700,260,0.00732278276529982
701,260,0.000183375369056492
702,260,0.000957094461611369
703,260,2.09294584720556e-09
704,260,2.56408034972645e-19
736,260,7.45294711967524e-28
737,260,1.39583415183305e-14
738,260,2.88388223339748e-08
739,260,0.0484247137870165
740,260,0.00656532283980732
741,260,0.128453396053539
742,260,3.56617291221993e-05
743,260,2.02523906304943e-09
744,260,2.8460850824546e-18
777,260,1.47496560933768e-18
778,260,1.43921154192353e-08
779,260,3.70971201415608e-05
780,260,0.799319375778878
781,260,0.00840454035568105
782,260,1.83229452615567e-06
783,260,3.5730097934464e-12
818,260,1.73052283848593e-12
819,260,2.9594047082158e-07
820,260,5.68030249683198e-08
821,260,1.22178720621557e-05
822,260,5.43143095804499e-10
615,270,1.56747827750278e-38
616,270,1.9970928856323e-24
617,270,8.49001347583266e-17
618,270,1.07903659892189e-12
619,270,1.89670724769124e-13
620,270,3.92488060595502e-12
621,270,9.2591497100006e-15
622,270,4.33010740820413e-15
623,270,5.30157811841905e-19
655,270,2.25148232592574e-37
656,270,8.70490728331955e-23
657,270,1.36917848543665e-11
658,270,5.96292286602797e-08
659,270,2.17289817696197e-06
660,270,4.04006115496195e-07
661,270,2.32879718732453e-06
662,270,1.43188945129562e-08
663,270,2.45448658427047e-10
664,270,1.14675663208974e-21
696,270,5.70359212086847e-24
697,270,3.51774006729575e-13
698,270,1.07257313116776e-05
699,270,7.11957712530087e-05
700,270,0.00274792083494029
701,270,8.09721582473429e-05
702,270,0.000355673216423581
703,270,1.53294528631007e-09
704,270,9.50482464336815e-20
736,270,5.68374886953475e-28
737,270,1.46561369174606e-15
738,270,9.43511342265263e-08
739,270,0.0352574002044134
740,270,0.00525807047841129
741,270,0.0919023512172402
742,270,3.58362786269293e-05
743,270,1.89951675304182e-10
744,270,9.07206941772401e-21
777,270,4.5120649339805e-18
778,270,8.16164154176314e-09
779,270,0.000121719679590012
780,270,0.854315965606922
781,270,0.00982210684956465
782,270,1.05928991321399e-06
783,270,2.7590312578316e-12
818,270,5.74012501865822e-12
819,270,3.18129032862532e-07
820,270,1.74560489147822e-07
821,270,1.34252018334611e-05
822,270,6.33313822117877e-10
655,280,1.57253734868628e-39
656,280,1.19910420697939e-25
657,280,2.035766915187e-15
658,280,2.20293750983834e-12
659,280,1.93406203508587e-10
660,280,1.03678840880253e-11
661,280,1.25590666876661e-10
662,280,1.93454680040297e-13
696,280,2.32158145932903e-23
697,280,2.34054785909321e-13
698,280,5.79454250581197e-07
699,280,1.10854752775699e-05
700,280,0.00013659555457412
701,280,1.02926615668886e-05
702,280,1.64660178871857e-05
703,280,4.90475105442909e-12
736,280,2.32027452626659e-25
737,280,2.53797699784659e-13
738,280,2.88136963788289e-07
739,280,0.0196100209606408
740,280,0.00342969325646692
741,280,0.050089920756688
742,280,2.77024960420104e-05
743,280,1.58313552471305e-10
777,280,3.44165855231463e-17
778,280,8.43180767372406e-08
779,280,0.000403745376815928
780,280,0.914730822660078
781,280,0.0115023073385083
782,280,7.54671014823452e-07
783,280,9.05857710741143e-15
818,280,2.04139516021481e-11
819,280,1.91523756797217e-06
820,280,5.53443972965566e-06
821,280,2.21899478950633e-05
822,280,7.24065511900743e-10
696,290,1.62495435951666e-25
697,290,3.23086989280502e-16
698,290,8.76284403818104e-11
699,290,4.15062413074272e-10
700,290,1.07545635252164e-08
701,290,1.40254985363597e-10
736,290,1.88401911781492e-24
737,290,1.05175981095891e-12
738,290,1.94539429429515e-07
739,290,0.00106521522340875
740,290,0.000618909224208451
741,290,0.00244029811820027
742,290,8.9331026434667e-08
777,290,1.00562570024758e-13
778,290,2.96897242759356e-05
779,290,0.00128357226752856
780,290,0.979657545532502
781,290,0.013202856820504
782,290,1.20485768976608e-06
818,290,1.31738121349923e-08
819,290,0.0012275643899871
820,290,0.000285013627796534
821,290,0.000187821684375073
822,290,8.65964592111874e-11
737,300,7.48732647695744e-15
738,300,2.72184144727003e-10
739,300,1.59378419105489e-07
740,300,8.46436918465893e-09
776,300,2.15224986349523e-21
777,300,8.28464506027068e-13
778,300,0.000121642646635937
779,300,0.000874947049128776
780,300,0.0492006155694582
781,300,4.22897214796799e-05
816,300,9.33148906253686e-22
817,300,3.67493549541695e-09
818,300,4.25353363739876e-05
819,300,0.934737491323518
820,300,0.0144204503185693
821,300,0.000351252835290465
857,300,2.6618307945158e-12
858,300,2.34499793237873e-05
859,300,1.04105498331725e-05
860,300,0.000174734947389561
861,300,7.92959576100899e-09
737,310,2.25653471335505e-17
738,310,1.22119716865863e-12
739,310,1.24687520074076e-10
740,310,8.3692783159958e-13
776,310,7.08647747747796e-22
777,310,1.72156431477792e-13
778,310,2.43762453627429e-06
779,310,0.000179674468119948
780,310,0.00231504479764415
781,310,1.26057744962971e-07
816,310,1.3329363439903e-20
817,310,1.52340193355086e-08
818,310,5.2067552282646e-05
819,310,0.960492801154451
820,310,0.0145951013399427
821,310,4.78012441188754e-05
856,310,8.77935799318449e-15
857,310,8.60786092558344e-09
858,310,0.018008487540152
859,310,0.000563267068062784
860,310,0.00374264285960626
861,310,3.97245790086193e-07
896,310,1.23605795621062e-17
897,310,2.35752453033394e-08
898,310,7.05727874788231e-09
899,310,9.59503529462875e-08
900,310,1.27994829580257e-10
901,310,3.67871851184878e-10
737,320,4.52097542701377e-19
738,320,2.49219497573959e-13
739,320,4.84483088277946e-12
740,320,1.40093093834859e-13
776,320,2.87424813054378e-21
777,320,2.09347317575243e-13
778,320,1.71665109730512e-06
779,320,3.77761490207513e-05
780,320,0.0001216411865326
781,320,1.13389525756335e-08
816,320,1.82234770074519e-17
817,320,3.2844779260291e-08
818,320,3.40851385113849e-05
819,320,0.941309646156748
820,320,0.0141882934349662
821,320,5.1167146935345e-06
856,320,4.91760798832719e-14
857,320,1.31448658480824e-08
858,320,0.036350136537647
859,320,0.00112963511274824
860,320,0.00679889706693171
861,320,4.36771979603655e-07
896,320,4.00323692272458e-14
897,320,1.82371489720016e-05
898,320,3.91485659089149e-07
899,320,3.91835275670206e-06
900,320,6.89520409134852e-09
901,320,7.86184686658609e-09
937,320,8.01600919864763e-14
938,320,4.75266600232599e-13
939,320,9.5856086920873e-16
940,320,7.68805469966093e-16
737,330,3.18321424715201e-19
738,330,5.23394461430492e-14
739,330,2.57734449808237e-13
740,330,2.9405445974093e-14
776,330,6.19807197213648e-21
777,330,1.37101111076638e-13
778,330,1.6778344542632e-06
779,330,8.78053905809725e-06
780,330,1.86577035749173e-05
781,330,1.07083474506009e-08
816,330,2.7882802193841e-17
817,330,6.5922906371926e-08
818,330,1.98683699173841e-05
819,330,0.92088791551083
820,330,0.0136851255199267
821,330,6.7086180277057e-07
856,330,9.76655578255675e-12
857,330,1.09337738889642e-08
858,330,0.0541872612746424
859,330,0.00167536006909269
860,330,0.00945330404923892
861,330,4.28696891078657e-07
896,330,6.31504744057361e-14
897,330,5.13442778546485e-05
898,330,1.05100216067886e-06
899,330,8.43877752462187e-06
900,330,1.35892280492284e-08
901,330,1.42976192662416e-08
937,330,4.46118771339943e-12
938,330,4.63063719597431e-11
939,330,5.31731160776185e-14
940,330,3.09218018180546e-14
737,340,3.11066048335598e-19
738,340,1.21512862639379e-14
739,340,4.25292640779291e-14
740,340,6.83506500501796e-15
776,340,1.24426512523892e-20
777,340,7.99622387678912e-14
778,340,1.64112824080161e-06
779,340,2.81739097007519e-06
780,340,1.35427911393993e-05
781,340,1.03156215850927e-08
816,340,2.32561323650156e-17
817,340,9.82887712873768e-08
818,340,1.14646122676133e-05
819,340,0.901217154861413
820,340,0.0131751553573798
821,340,3.1009664628864e-07
856,340,2.75862264794348e-11
857,340,7.48207134867967e-09
858,340,0.0715092542594287
859,340,0.00219887001551561
860,340,0.0117583346219758
861,340,4.13680014506296e-07
896,340,5.41325379166509e-14
897,340,9.6088153362954e-05
898,340,1.89054635462355e-06
899,340,1.290641056795e-05
900,340,1.99846403799733e-08
901,340,1.9843918888869e-08
937,340,1.22258546047931e-11
938,340,1.19487205722244e-10
939,340,1.41020032000231e-13
940,340,6.64261904165558e-14
737,350,3.04203980620228e-19
738,350,3.89414507481735e-15
739,350,3.17632243976464e-14
740,350,2.19745848864597e-15
776,350,1.85551654564232e-20
777,350,4.61806794829195e-14
778,350,1.60577483750926e-06
779,350,1.5561403954824e-06
780,350,1.30292265498183e-05
781,350,9.91859603973852e-09
816,350,1.59766066656735e-17
817,350,1.29734471295645e-07
818,350,6.94374992697348e-06
819,350,0.882345675568849
820,350,0.0126760083106209
821,350,3.34871097562626e-07
856,350,5.18944682470912e-11
857,350,4.85220654291691e-09
858,350,0.0883428506406819
859,350,0.00270285571072888
860,350,0.0137383788060815
861,350,3.97856191294514e-07
896,350,3.77970357173427e-14
897,350,0.00015015358919686
898,350,2.84668956715403e-06
899,350,1.71675482318833e-05
900,350,2.61114951288735e-08
901,350,2.46136519682946e-08
937,350,2.22770158196438e-11
938,350,2.11977390350017e-10
939,350,2.52545010580867e-13
940,350,1.01463767635391e-13
737,360,2.97594760489995e-19
738,360,2.14817358608405e-15
739,360,3.06100127575591e-14
740,360,1.21651235868882e-15
776,360,2.44961340325519e-20
777,360,2.80102581100079e-14
778,360,1.57185460256614e-06
779,360,1.25763152176217e-06
780,360,1.27433115405786e-05
781,360,9.5298719484926e-09
816,360,1.04197483020079e-17
817,360,1.60305674820179e-07
818,360,4.65277988106907e-06
819,360,0.864233862711825
820,360,0.0121906948195681
821,360,3.86422246237621e-07
856,360,8.16557118878699e-11
857,360,3.27022923918904e-09
858,360,0.104714486856819
859,360,0.00318973645692371
860,360,0.0154128343158476
861,360,3.82262822450218e-07
896,360,2.49174208031302e-14
897,360,0.000212077249531235
898,360,3.88053254768243e-06
899,360,2.11985825092625e-05
900,360,3.20097454026092e-08
901,360,2.86600494432999e-08
937,360,3.38838593702121e-11
938,360,3.20103460840523e-10
939,360,3.80102820841092e-13
940,360,1.34846828610994e-13
737,370,2.91253335185846e-19
738,370,1.73401902610068e-15
739,370,2.99354094500593e-14
740,370,9.83516424141697e-16
776,370,3.02738594670834e-20
777,370,1.88152864962809e-14
778,370,1.5392980381697e-06
779,370,1.15836484401277e-06
780,370,1.24786814460011e-05
781,370,9.15173257224726e-09
816,370,7.08104434765154e-18
817,370,1.9004893892471e-07
818,370,3.58212628076324e-06
819,370,0.846840583214966
820,370,0.0117192712370637
821,370,4.32004983642794e-07
856,370,1.16347677973737e-10
857,370,2.46849894283322e-09
858,370,0.120648724927624
859,370,0.00366125018932951
860,370,0.0167991967044026
861,370,3.67075513623038e-07
896,370,1.70882824047231e-14
897,370,0.000281169126529634
898,370,4.9709224016016e-06
899,370,2.50041165920244e-05
900,370,3.77095093297436e-08
901,370,3.20252261646145e-08
937,370,4.66349982428841e-11
938,370,4.42343704649364e-10
939,370,5.19437767636718e-13
940,370,1.66392865961447e-13
737,380,2.85166903531663e-19
738,380,1.59549324370558e-15
739,380,2.93083706298204e-14
740,380,9.0532201590066e-16
776,380,3.58967196978242e-20
777,380,1.45497337750655e-14
778,380,1.50803219473505e-06
779,380,1.10193435655628e-06
780,380,1.2225000213427e-05
781,380,8.7842109060255e-09
816,380,5.41117012475685e-18
817,380,2.19007038699749e-07
818,380,3.16852693483749e-06
819,380,0.83012709539847
820,380,0.0112612129474029
821,380,4.69117174041452e-07
856,380,1.55943581146345e-10
857,380,2.16356384665024e-09
858,380,0.13616825666407
859,380,0.0041186484894003
860,380,0.0179134592089104
861,380,3.52311057665032e-07
896,380,1.3179625912007e-14
897,380,0.000357488444895945
898,380,6.11080747152858e-06
899,380,2.85943879448615e-05
900,380,4.32315907807391e-08
901,380,3.47470498085011e-08
937,380,6.03719870428544e-11
938,380,5.78810492024967e-10
939,380,6.68937914774079e-13
940,380,1.96137024377665e-13
737,390,2.79322067081058e-19
738,390,1.516755656323e-15
739,390,2.87071759483126e-14
740,390,8.60714939298915e-16
776,390,4.13722539645578e-20
777,390,1.29728378314903e-14
778,390,1.47798851953301e-06
779,390,1.05607236381993e-06
780,390,1.1981245431178e-05
781,390,8.42689842531445e-09
816,390,4.83064007585431e-18
817,390,2.47218825794339e-07
818,390,3.10967917028122e-06
819,390,0.814057123265185
820,390,0.0108158956657316
821,390,4.9795911398517e-07
856,390,2.00931337870812e-10
857,390,2.16096847119623e-09
858,390,0.151293905271288
859,390,0.00456288442226959
860,390,0.0187702238830488
861,390,3.37956045159692e-07
896,390,1.18699898921681e-14
897,390,0.00044187603437405
898,390,7.30617136333313e-06
899,390,3.19801203126242e-05
900,390,4.85906396933089e-08
901,390,3.68600361952119e-08
937,390,7.51633451769379e-11
938,390,7.3121161913671e-10
939,390,8.29361096340506e-13
940,390,2.24157231499527e-13
737,400,2.73706293733343e-19
738,400,1.45381310536621e-15
739,400,2.8129563532978e-14
740,400,8.24988928409653e-16
776,400,4.67070930975044e-20
777,400,1.29171046510936e-14
778,400,1.44910307226972e-06
779,400,1.01413504611501e-06
780,400,1.17468763464696e-05
781,400,8.0793124269198e-09
816,400,4.95940963514177e-18
817,400,2.74719049634956e-07
818,400,3.2504109241199e-06
819,400,0.798596770332663
820,400,0.0103826923531591
821,400,5.18934799676565e-07
856,400,2.52372846779755e-10
857,400,2.35126052411136e-09
858,400,0.166044553939982
859,400,0.00499472682919474
860,400,0.0193827788109556
861,400,3.23991686380495e-07
896,400,1.22719949688971e-14
897,400,0.00053604721824202
898,400,8.57714515236124e-06
899,400,3.51713280525183e-05
900,400,5.3797493891998e-08
901,400,3.83955927990331e-08
937,400,9.13184501116592e-11
938,400,9.03014995474185e-10
939,400,1.00398470057619e-12
940,400,2.50534110283218e-13
737,410,2.68307968872048e-19
738,410,1.39850685827737e-15
739,410,2.75742931547333e-14
740,410,7.9356195164206e-16
776,410,5.1906869039065e-20
777,410,1.38555806650654e-14
778,410,1.42131641985418e-06
779,410,9.75029010745397e-07
780,410,1.15214105010679e-05
781,410,7.74097067827832e-09
816,410,5.6218032863574e-18
817,410,3.01537988204634e-07
818,410,3.52202364563639e-06
819,410,0.783714445931803
820,410,0.00996099269221586
821,410,5.32430005162015e-07
856,410,3.12008869994504e-10
857,410,2.6894828559648e-09
858,410,0.180436990340379
859,410,0.00541481825422817
860,410,0.0197631664440369
861,410,3.10398740141526e-07
896,410,1.39761896462009e-14
897,410,0.000642753624447427
898,410,9.9613499592448e-06
899,410,3.81770207703094e-05
900,410,5.88604597015296e-08
901,410,3.93821853139571e-08
937,410,1.09441101722666e-10
938,410,1.09977068425856e-09
939,410,1.19917066142149e-12
940,410,2.75341442729309e-13
737,420,2.63116390227707e-19
738,420,1.35117328291607e-15
739,420,2.7040263835504e-14
740,420,7.66622890655649e-16
776,420,5.69760703212485e-20
777,420,1.57067593830117e-14
778,420,1.39457356434825e-06
779,420,9.39238327922868e-07
780,420,1.13044025300593e-05
781,420,7.41140767035831e-09
816,420,6.82810666750502e-18
817,420,3.27700850071706e-07
818,420,3.91614377133437e-06
819,420,0.769380814165515
820,420,0.00955020764626405
821,420,5.38794344619734e-07
856,420,3.82418410800514e-10
857,420,3.18380592947676e-09
858,420,0.194485651491937
859,420,0.00582369447939248
860,420,0.0199222456596076
861,420,2.97158550418523e-07
896,420,1.70194298168493e-14
897,420,0.000766027443343752
898,420,1.15199335871871e-05
899,420,4.10050975925919e-05
900,420,6.37857879480184e-08
901,420,3.98454839369172e-08
937,420,1.30529598677785e-10
938,420,1.32960319475315e-09
939,420,1.42541671118331e-12
940,420,2.98643525986573e-13
737,430,2.58121772965247e-19
738,430,1.31586911659878e-15
739,430,2.65264713715028e-14
740,430,7.4645031148163e-16
776,430,6.19178305380788e-20
777,430,1.88253874656257e-14
778,430,1.36882392797722e-06
779,430,9.08301368193385e-07
780,430,1.10954430174417e-05
781,430,7.09018049938004e-09
816,430,8.80125780048492e-18
817,430,3.53226895521368e-07
818,430,4.48420160637973e-06
819,430,0.755568769062472
820,430,0.00914977209131594
821,430,5.38341304480089e-07
856,430,4.67245576147214e-10
857,430,3.90062846280934e-09
858,430,0.208202246101106
859,430,0.00622177330804118
860,430,0.0198697479684271
861,430,2.84253363710638e-07
896,430,2.19558657212854e-14
897,430,0.000911527816963923
898,430,1.33471942152257e-05
899,430,4.36622597948885e-05
900,430,6.85774936413353e-08
901,430,3.98084951155184e-08
937,430,1.5613797692157e-10
938,430,1.60391035502578e-09
939,430,1.69904752623647e-12
940,430,3.20493885823055e-13
737,440,2.53315270567363e-19
738,440,1.3009518828602e-15
739,440,2.60320083757808e-14
740,440,7.37738741385895e-16
776,440,6.67336324621644e-20
777,440,2.41886599464073e-14
778,440,1.34402140630954e-06
779,440,8.85271935060486e-07
780,440,1.08941588995207e-05
781,440,6.77687496982774e-09
816,440,1.20982421271877e-17
817,440,3.78128203789448e-07
818,440,5.36366009403983e-06
819,440,0.742253440299674
820,440,0.00875914875227247
821,440,5.31349695334654e-07
856,440,5.71511993062864e-10
857,440,4.99406943000341e-09
858,440,0.221595222574238
859,440,0.0066093092717219
860,440,0.0196143280401153
861,440,2.71666597912756e-07
896,440,3.01580949182838e-14
897,440,0.00108701669189533
898,440,1.55852182819005e-05
899,440,4.61538949688191e-05
900,440,7.32364525889419e-08
901,440,3.92916795540478e-08
937,440,1.88622426339125e-10
938,440,1.93832304890919e-09
939,440,2.04479731062237e-12
940,440,3.40933983950627e-13
737,450,2.48689015047768e-19
738,450,1.32212415440474e-15
739,450,2.55560683923964e-14
740,450,7.49308856695647e-16
776,450,7.14229041908795e-20
777,450,3.38700509141228e-14
778,450,1.32012450347002e-06
779,450,8.75882476318994e-07
780,450,1.07002145938999e-05
781,450,6.47111563995658e-09
816,450,1.79330399406934e-17
817,450,4.02407987543115e-07
818,450,6.84372213925675e-06
819,450,0.729412235346716
820,450,0.008377835206787
821,450,5.18065060279838e-07
856,450,7.02039283724094e-10
857,450,6.78055592144846e-09
858,450,0.234669039769132
859,450,0.00698629787703002
860,450,0.0191636086337507
861,450,2.59383263332499e-07
896,450,4.46185100344142e-14
897,450,0.00130300115421277
898,450,1.84456858168369e-05
899,450,4.8483912861203e-05
900,450,7.77584278034973e-08
901,450,3.83130566490735e-08
937,450,2.31509316790236e-10
938,450,2.35400018811664e-09
939,450,2.49966494536403e-12
940,450,3.59991505204422e-13
737,460,2.44236180961961e-19
738,460,1.40853910995364e-15
739,460,2.50979525939553e-14
740,460,7.97537325823383e-16
776,460,7.59824757852668e-20
777,460,5.20219259818678e-14
778,460,1.29709656762406e-06
779,460,8.90771565872064e-07
780,460,1.05133139542371e-05
781,460,6.17258339714723e-09
816,460,2.90045456223781e-17
817,460,4.26058322818371e-07
818,460,9.50091639096651e-06
819,460,0.717024925777317
820,460,0.00800537630587668
821,460,4.98700909638783e-07
856,460,8.68014361368288e-10
857,460,9.91498640961852e-09
858,460,0.247423183297455
859,460,0.00735229305601397
860,460,0.018524219948668
861,460,2.4739069352758e-07
896,460,7.20208471615759e-14
897,460,0.00157359169068192
898,460,2.22420125278122e-05
899,460,5.06545158880769e-05
900,460,8.21302437527683e-08
901,460,3.68882952919442e-08
937,460,2.90038220271152e-10
938,460,2.87935841340926e-09
939,460,3.11859967211326e-12
940,460,3.77677983797127e-13
737,470,2.39951079037126e-19
738,470,1.61449756106724e-15
739,470,2.46570795646194e-14
740,470,9.12927666884458e-16
776,470,8.04058546794632e-20
777,470,8.68175477622139e-14
778,470,1.27490615058413e-06
779,470,9.49657277272968e-07
780,470,1.03332032440597e-05
781,470,5.88104628513422e-09
816,470,5.17505559793922e-17
817,470,4.49057120163714e-07
818,470,1.44663529450882e-05
819,470,0.705073787905913
820,470,0.00764138603138576
821,470,4.73439766903406e-07
856,470,1.08174098632553e-09
857,470,1.5828383073119e-08
858,470,0.259850851803625
859,470,0.00770606638714102
860,470,0.0177018333287767
861,470,2.35679821462249e-07
896,470,1.28437231130689e-13
897,470,0.00191764188224232
898,470,2.74364097639473e-05
899,470,5.26658813640623e-05
900,470,8.63225592028258e-08
901,470,3.50307907567963e-08
937,470,3.71955670680636e-10
938,470,3.55236831036663e-09
939,470,3.98280807883361e-12
940,470,3.93985435158036e-13
737,480,2.35829286978376e-19
738,480,2.04272552872928e-15
739,480,2.42329989490544e-14
740,480,1.15318652127931e-15
776,480,8.46822649727345e-20
777,480,1.54233206720813e-13
778,480,1.25352752256999e-06
779,480,1.08927181795197e-06
780,480,1.01596753846568e-05
781,480,5.59641318740328e-09
816,480,1.02962689056086e-16
817,480,4.71364107740208e-07
818,480,2.39453135617818e-05
819,480,0.693543810992073
820,480,0.00728558583338105
821,480,4.42434018456915e-07
856,480,1.35963488944448e-09
857,480,2.79077245242595e-08
858,480,0.271937213818991
859,480,0.00804497164208716
860,480,0.0167011891603772
861,480,2.24247378735097e-07
896,480,2.56201494795222e-13
897,480,0.00236025589024915
898,480,3.47083058359472e-05
899,480,5.45157131392273e-05
900,480,9.02762665356795e-08
901,480,3.27517271759457e-08
937,480,4.88660534575372e-10
938,480,4.42359069422841e-09
939,480,5.21173379250442e-12
940,480,4.08881164728892e-13
737,490,2.31867827214299e-19
738,490,2.89549896590068e-15
739,490,2.3825409976045e-14
740,490,1.6319432672152e-15
776,490,8.87953787572705e-20
777,490,2.85367527934613e-13
778,490,1.23294138233794e-06
779,490,1.37914087689853e-06
780,490,9.99257580760506e-06
781,490,5.31882480875407e-09
816,490,2.30444304606405e-16
817,490,4.92915525843359e-07
818,490,4.22218022761664e-05
819,490,0.682422990208625
820,490,0.00693787140778146
821,490,4.05806560919607e-07
856,490,1.72353782829008e-09
857,490,5.49401490082694e-08
858,490,0.283657104854518
859,490,0.00836375596953629
860,490,0.0155261187089842
861,490,2.13099511016362e-07
896,490,5.76979951903761e-13
897,490,0.00293477724126207
898,490,4.50526306891197e-05
899,490,5.61985518683199e-05
900,490,9.38768734500849e-08
901,490,3.00601250227066e-08
937,490,6.56812920335275e-10
938,490,5.56018035806623e-09
939,490,6.9798700544235e-12
940,490,4.22297885925232e-13
737,500,2.2806540414196e-19
738,500,4.60843888306941e-15
739,500,2.3434185998259e-14
740,500,2.59391074963322e-15
776,500,9.27216462683849e-20
777,500,5.40540161623324e-13
778,500,1.21313581458248e-06
779,500,1.95624150043723e-06
780,500,9.83181033530464e-06
781,500,5.04879414789464e-09
816,500,5.80342687575311e-16
817,500,5.13617140425916e-07
818,500,7.75936431358816e-05
819,500,0.671702726633388
820,500,0.00659842597928003
821,500,3.63651256010143e-07
856,500,2.20244948715122e-09
857,500,1.21817194669717e-07
858,500,0.294971994258716
859,500,0.00865232881536371
860,500,0.014179559607199
861,500,2.02256803195526e-07
896,500,1.46578647545932e-12
897,500,0.00368540779742707
898,500,5.99171938083579e-05
899,500,5.77044576906861e-05
900,500,9.69062187047967e-08
901,500,2.69628737080154e-08
937,500,9.00448767339379e-10
938,500,7.05115258453734e-09
939,500,9.53877990500763e-12
940,500,4.34107613597351e-13
737,510,2.24422724989054e-19
738,510,8.28689281685116e-15
739,510,2.3059403341571e-14
740,510,4.6600287062869e-15
776,510,9.64281103038197e-20
777,510,1.0363025176139e-12
778,510,1.19410756135189e-06
779,510,3.11569881881506e-06
780,510,9.67735556082447e-06
781,510,4.78735172397954e-09
816,510,1.622432242106e-15
817,510,5.33335067571249e-07
818,510,0.000146086288132673
819,510,0.661378362975813
820,510,0.00626789565732249
821,510,3.16033290281635e-07
856,510,2.8348068514538e-09
857,510,3.04252582805416e-07
858,510,0.305825999622184
859,510,0.00889156855516261
860,510,0.0126635650195691
861,510,1.91756445820002e-07
896,510,4.13988342618882e-12
897,510,0.00467065194511607
898,510,8.138155897929e-05
899,510,5.90155133716311e-05
900,510,9.89516250488339e-08
901,510,2.34647536270387e-08
937,510,1.25330165234276e-09
938,510,9.01428635672825e-09
939,510,1.32402747813964e-11
940,510,4.44030434327964e-13
737,520,2.20944221648768e-19
738,520,1.74183731706459e-14
739,520,2.27013191867327e-14
740,520,9.78945402400274e-15
776,520,9.98701385213993e-20
777,520,1.99677032849652e-12
778,520,1.17586373502058e-06
779,520,5.60658790600635e-06
780,520,9.5292708104142e-06
781,520,4.53579529674154e-09
816,520,4.91501214327026e-15
817,520,5.51883787191758e-07
818,520,0.000278544832764729
819,520,0.651449891793925
820,520,0.00594757284433656
821,520,2.62989953083419e-07
856,520,3.6714807823707e-09
857,520,8.44375678963538e-07
858,520,0.316140661367826
859,520,0.00904545033324844
860,520,0.0109793084218068
861,520,1.81623942472863e-07
896,520,1.2771376379068e-11
897,520,0.00596784123193608
898,520,0.000112342580761348
899,520,6.00935861815087e-05
900,520,9.92359906587178e-08
901,520,1.95684717188894e-08
937,520,1.76075290279878e-09
938,520,1.16050972789025e-08
939,520,1.85389028954246e-11
940,520,4.51267587816597e-13
737,530,2.17840677959733e-19
738,530,4.53679732200819e-14
739,530,2.23611536113284e-14
740,530,2.54902350857004e-14
776,530,1.03081346003827e-19
777,530,3.84984563179698e-12
778,530,1.15843088135583e-06
779,530,1.17929461687379e-05
780,530,9.38767861728294e-06
781,530,4.29279663687377e-09
816,530,1.57213052381551e-14
817,530,5.6901385604493e-07
818,530,0.000534071613809731
819,530,0.641922882240266
820,530,0.00563909662254005
821,530,2.04534473957257e-07
856,530,4.77971439902732e-09
857,530,2.54136832547457e-06
858,530,0.325808115113027
859,530,0.00904634795060761
860,530,0.00912709481128038
861,530,1.71674428905425e-07
896,530,4.41438587278003e-11
897,530,0.00767907320092001
898,530,0.000156523369707464
899,530,6.08311780393687e-05
900,530,9.63044069760687e-08
901,530,1.52748210684637e-08
937,530,2.49867092712255e-09
938,530,1.50281998731217e-08
939,530,2.58867543249695e-11
940,530,4.52948875720824e-13
737,540,2.46571139086402e-19
738,540,1.49907948392103e-13
739,540,2.23772483118609e-14
740,540,8.42168429550708e-14
776,540,1.21266697303739e-19
777,540,7.40296772251365e-12
778,540,1.14291812498615e-06
779,540,3.07378818189025e-05
780,540,9.25199903602318e-06
781,540,4.03753938037205e-09
816,540,5.198262321258e-14
817,540,5.84922852954338e-07
818,540,0.00102514212050668
819,540,0.632809678339264
820,540,0.00534090360764541
821,540,1.40680544497508e-07
856,540,6.24902510957296e-09
857,540,8.08182690455392e-06
858,540,0.334682243603032
859,540,0.00876794479533725
860,540,0.00710642795705141
861,540,1.60512895928061e-07
896,540,2.14305604543035e-10
897,540,0.00993900052793541
898,540,0.000217582198634088
899,540,6.08439735456104e-05
900,540,8.74645779588596e-08
901,540,1.05834543045442e-08
937,540,3.99222791997542e-09
938,540,1.9550388868208e-08
939,540,3.52033090445344e-11
940,540,4.37462163276598e-13
737,550,5.13811090763936e-18
738,550,5.95712365283884e-13
739,550,7.97907515653911e-14
740,550,3.3464516539802e-13
776,550,2.61367216524011e-18
777,550,1.41473365109685e-11
778,550,1.29448691374042e-06
779,550,0.000101638975406595
780,550,9.10436773950691e-06
781,550,3.64382378149833e-09
816,550,1.74973333587071e-13
817,550,6.85573079486879e-07
818,550,0.00196334539157551
819,550,0.624130768541047
820,550,0.00502746627301251
821,550,7.16832843583588e-08
856,550,8.4551587858409e-09
857,550,2.65838773929614e-05
858,550,0.342567415444631
859,550,0.00797668963070327
860,550,0.0049163502948559
861,550,1.41342888340133e-07
896,550,2.21566685952777e-09
897,550,0.0129250395312031
898,550,0.000294695304203802
899,550,5.85819233055887e-05
900,550,6.78952476023016e-08
901,550,5.49716296404481e-09
937,550,1.40841722732676e-08
938,550,2.55080364459522e-08
939,550,4.38010509304037e-11
940,550,3.55751818917378e-13
737,560,7.58406697090523e-16
738,560,3.23476895840944e-12
739,560,9.08636653571371e-12
740,560,1.47460656668736e-12
776,560,4.01579651717723e-16
777,560,2.93314232841311e-11
778,560,2.69913694707666e-05
779,560,0.000404177839141746
780,560,8.56585006988639e-06
781,560,2.46810958338818e-09
816,560,6.40267196946266e-13
817,560,1.47263348137459e-05
818,560,0.00373828054805262
819,560,0.615892179946683
820,560,0.00454334042046545
821,560,1.71905608085433e-09
856,560,1.15076468676643e-07
857,560,8.90622612187975e-05
858,560,0.34919152277234
859,560,0.00625010636847947
860,560,0.00255708247096254
861,560,9.01770088187565e-08
896,560,4.03468601707321e-08
897,560,0.0168706188331562
898,560,0.000365378860608993
899,560,4.75137774461892e-05
900,560,3.06204687407582e-08
901,560,1.14585478920893e-10
937,560,1.38745220816542e-07
938,560,3.29965289636764e-08
939,560,3.90084028536943e-11
940,560,7.57075922004054e-15
737,570,1.18718303693913e-11
738,570,2.41727563942276e-08
739,570,1.52239647786332e-09
740,570,3.25524177370589e-12
776,570,6.00509389678942e-12
777,570,9.99403082710785e-08
778,570,0.00397987003666181
779,570,0.00178235128620575
780,570,7.35111054555761e-07
781,570,9.80752040247765e-12
816,570,2.067797053012e-09
817,570,0.00225227400107766
818,570,0.00703703371341574
819,570,0.604289892841082
820,570,0.00308539754564576
821,570,5.77077373762916e-11
856,570,4.44954013484289e-05
857,570,0.000299339323289663
858,570,0.351961176049259
859,570,0.00285977145791415
860,570,5.31846930371856e-05
861,570,3.34630098846634e-10
896,570,8.58318140622508e-07
897,570,0.0220267064212688
898,570,0.000324424209657162
899,570,1.00837542188014e-06
900,570,3.01449974723807e-11
937,570,1.34644249668136e-06
938,570,6.61619253568313e-09
939,570,1.51099762298692e-13
696,580,2.32325591869632e-13
697,580,6.88753372878595e-10
698,580,1.09485740124495e-10
699,580,1.50777683746924e-14
700,580,1.35315099439131e-19
735,580,1.01788004163543e-13
736,580,2.25232181963168e-09
737,580,0.000108073850366038
738,580,0.000932920593171041
739,580,6.21169071426255e-07
740,580,6.23232361669234e-11
775,580,4.40271011328193e-11
776,580,5.62610674541221e-05
777,580,0.00372345103211067
778,580,0.595321445777502
779,580,0.00392996707899301
780,580,1.42712540217625e-07
815,580,9.99315676037269e-07
816,580,8.28962372428962e-05
817,580,0.345773081869133
818,580,0.00600134297455172
819,580,0.0126216603729814
820,580,1.14617746606019e-05
855,580,5.87711227161476e-08
856,580,0.0187823318741409
857,580,0.00068700914074151
858,580,0.00753152104013835
859,580,2.80840129815836e-06
895,580,5.19036086967313e-07
896,580,1.74776711863958e-05
897,580,0.00441269274366321
898,580,1.25233890774125e-06
655,590,3.1467571981286e-15
656,590,1.15714450660206e-11
657,590,1.42527883001763e-11
658,590,1.14808050996505e-14
659,590,9.30241408975948e-19
660,590,1.29812452901326e-27
694,590,1.36072832060985e-15
695,590,3.61965070033472e-11
696,590,2.11096063068179e-06
697,590,2.6370245793175e-05
698,590,1.30013491288038e-07
699,590,3.730654746843e-10
700,590,5.52540175949368e-17
734,590,6.95973939972663e-13
735,590,9.52110609344108e-07
736,590,8.33649980839786e-05
737,590,0.0161271425747296
738,590,0.00296917459638498
739,590,1.07345714670501e-05
740,590,1.36155129019894e-10
774,590,1.5117723211876e-08
775,590,1.75432569050844e-06
776,590,0.00862469206393849
777,590,0.00674401857254178
778,590,0.582265020192464
779,590,0.00185883557280102
780,590,4.15214330051368e-09
814,590,1.15249559668501e-09
815,590,0.000421162015811974
816,590,0.000332417158522408
817,590,0.348338684560145
818,590,0.00271962001941612
819,590,0.000266131431173609
820,590,4.42465236098277e-08
854,590,1.831808245706e-08
855,590,2.31203576962351e-06
856,590,0.0274780208920715
857,590,0.000600536009395628
858,590,0.0001640816375469
859,590,3.72033593468102e-09
894,590,2.16995014911499e-11
895,590,0.000221257376955206
896,590,5.21919399364909e-05
897,590,0.000689192777574687
898,590,4.04610019752794e-09
614,600,1.21081519715756e-17
615,600,1.33974642549725e-13
616,600,1.76209189621801e-13
617,600,3.79668105914219e-15
618,600,1.24211587110417e-17
619,600,7.89051216915181e-25
620,600,3.636689206416e-34
653,600,6.0663632571928e-18
654,600,4.23732222626402e-13
655,600,2.87324257466999e-08
656,600,4.42752215762846e-07
657,600,3.35716974126618e-08
658,600,4.39268147852485e-10
659,600,1.10520228998698e-15
660,600,3.2154248608266e-23
693,600,8.10283218076173e-15
694,600,1.27985008808777e-08
695,600,1.339345832363e-06
696,600,0.000316371175467861
697,600,0.000109258528468177
698,600,1.3666234281077e-05
699,600,1.18901869192388e-09
700,600,9.55619894803589e-16
733,600,1.93738645630297e-10
734,600,2.77379641651522e-08
735,600,0.000146649084591182
736,600,0.000229342849772622
737,600,0.030947920048573
738,600,0.00383390960890173
739,600,1.09783942458822e-05
740,600,6.44995734961349e-11
773,600,1.7816812595406e-11
774,600,6.39939022822765e-06
775,600,1.00001055397315e-05
776,600,0.0170516375619726
777,600,0.00794400731365361
778,600,0.558193022220804
779,600,0.000874523963119161
780,600,1.00255970124221e-10
813,600,1.7829823634976e-10
814,600,6.71561629791077e-08
815,600,0.00114023509366889
816,600,0.000596932030885363
817,600,0.343477040349007
818,600,0.00123434795906889
819,600,8.89912116332741e-06
820,600,1.07789636378369e-09
853,600,4.79659923685927e-14
854,600,7.81681491461046e-06
855,600,1.00155419658134e-05
856,600,0.0326393242975402
857,600,0.000465712865469533
858,600,5.68879658414445e-06
859,600,3.34444365048263e-10
893,600,8.57166247238423e-15
894,600,8.66595688377706e-10
895,600,0.000537939186310998
896,600,8.07173271328447e-05
897,600,0.000105687262709324
898,600,3.16525304641678e-10
573,610,7.3229247344542e-24
574,610,8.41811070750196e-18
575,610,2.62263514449361e-17
576,610,7.31201001694102e-19
577,610,2.38271641526837e-20
578,610,2.63380252977508e-23
579,610,1.66459300738264e-29
612,610,3.65300521821939e-24
613,610,1.03174786402046e-17
614,610,1.12636036505583e-10
615,610,5.15873210303366e-09
616,610,6.23764765286301e-10
617,610,1.45294990331441e-10
618,610,2.9282192494995e-14
619,610,3.01956668736161e-20
620,610,4.32306152690499e-31
652,610,5.30680678983947e-19
653,610,5.81926719873963e-11
654,610,1.57795089158746e-08
655,610,4.35534944448546e-06
656,610,2.27004094685808e-06
657,610,4.34680634580703e-06
658,610,1.8444209571044e-09
659,610,1.16233129256934e-13
660,610,1.02596936199186e-22
692,610,1.3557634827927e-12
693,610,3.25151895827419e-10
694,610,1.99512621379274e-06
695,610,4.9582626283998e-06
696,610,0.000903703487527461
697,610,0.000213104207194803
698,610,3.43479819076027e-05
699,610,1.53782143731174e-09
700,610,9.78134820916107e-16
732,610,1.96443297781418e-13
733,610,8.28215683161804e-08
734,610,2.05728899746462e-07
735,610,0.000431679277048797
736,610,0.000394665577311558
737,610,0.0443502279709881
738,610,0.00414866836130382
739,610,1.05677164810828e-05
740,610,3.03803271679551e-11
772,610,2.5571092554569e-13
773,610,1.38125918637548e-09
774,610,2.53209518947174e-05
775,610,2.56339574937689e-05
776,610,0.0251376602860431
777,610,0.00833004157997813
778,610,0.535378285889802
779,610,0.000412087682632201
780,610,5.13056372963893e-12
812,610,2.75003177129664e-17
813,610,7.658377511546e-08
814,610,3.78104191103884e-07
815,610,0.00206055664621506
816,610,0.000831397695337085
817,610,0.338323191786255
818,610,0.000562411589815797
819,610,3.40527049483869e-06
820,610,4.34829833227531e-10
852,610,2.00032411995822e-18
853,610,2.46484758245369e-12
854,610,2.75775273669256e-05
855,610,2.26827005553931e-05
856,610,0.0369858590777984
857,610,0.000341324619199621
858,610,2.11644895886524e-06
859,610,1.50017246654658e-10
893,610,3.65976987672583e-12
894,610,4.19913108313382e-09
895,610,0.000906468725581865
896,610,0.000100788241617173
897,610,1.75238869250693e-05
898,610,2.37907870634608e-10
533,620,1.75307872753401e-25
534,620,1.82576120554707e-23
535,620,2.58319388119258e-25
536,620,2.33516820323991e-26
537,620,1.24185720497767e-30
538,620,2.76006299789008e-34
572,620,2.47978318033041e-26
573,620,6.83059970949927e-17
574,620,3.24355709943088e-13
575,620,1.23032786468098e-13
576,620,2.81666546772059e-14
577,620,8.43515370853296e-17
578,620,1.00806002881603e-18
579,620,3.92775792898686e-26
611,620,1.161834540627e-26
612,620,3.51178493168354e-17
613,620,3.8427556024367e-13
614,620,1.75218038032125e-08
615,620,3.17387124759563e-08
616,620,8.65927693157663e-08
617,620,8.14713304231423e-10
618,620,3.79485843773582e-12
619,620,1.2681100238787e-19
620,620,4.54918330480319e-29
651,620,7.91086019701247e-18
652,620,2.13027789990164e-14
653,620,9.3179339244419e-09
654,620,7.39163834171735e-08
655,620,1.66020642019626e-05
656,620,5.79103920906717e-06
657,620,1.59926167258471e-05
658,620,3.6524272564753e-09
659,620,2.92301464125762e-13
660,620,1.32850386757958e-22
691,620,8.86173510926721e-17
692,620,5.93222040475198e-10
693,620,2.99019726054778e-09
694,620,7.84124026114026e-06
695,620,1.10706914657109e-05
696,620,0.0017228524988192
697,620,0.000321566253895618
698,620,5.86127877428987e-05
699,620,1.66625810762186e-09
700,620,9.42344447894727e-16
731,620,1.41558048545244e-16
732,620,1.9158371641788e-11
733,620,4.33217703013099e-07
734,620,6.7891883774041e-07
735,620,0.000846854681897174
736,620,0.000560546855231818
737,620,0.0564504795471061
738,620,0.00421123703784266
739,620,1.01460156602664e-05
740,620,1.43328839804931e-11
771,620,3.25901707537712e-20
772,620,1.0945420654273e-10
773,620,9.59798210638741e-09
774,620,6.11068727215884e-05
775,620,4.78574084655767e-05
776,620,0.0328653004428792
777,620,0.00835607287997465
778,620,0.513980083668048
779,620,0.000194798509404104
780,620,2.93779144736576e-12
811,620,1.00263650062181e-22
812,620,2.04195229429145e-15
813,620,3.5199612680329e-07
814,620,1.10577888694016e-06
815,620,0.00314765583987534
816,620,0.00102664718477598
817,620,0.333060582513485
818,620,0.000257953943954239
819,620,3.161783648349e-06
820,620,2.04873473720223e-10
852,620,8.61181424857201e-16
853,620,1.34831559802404e-11
854,620,6.16865741156172e-05
855,620,3.91378185053198e-05
856,620,0.040976678546034
857,620,0.000242699276183485
858,620,1.98629519718044e-06
859,620,6.83671004588423e-11
893,620,1.29249236754447e-11
894,620,1.07974288726007e-08
895,620,0.00131638822258576
896,620,0.000113350498988186
897,620,4.43865463848083e-06
898,620,1.7457053841786e-10
533,630,6.75903507555895e-21
534,630,8.59986039651093e-20
535,630,9.95941639231938e-21
536,630,1.09707647631693e-22
537,630,4.78674410714731e-26
538,630,9.78326560017508e-31
572,630,9.23715002918505e-22
573,630,1.06561897194576e-14
574,630,2.05832399217395e-12
575,630,1.76582689832015e-11
576,630,1.68365652143361e-13
577,630,1.17225804694782e-14
578,630,5.65328530133036e-18
579,630,5.09495739347838e-24
611,630,4.66465310421562e-22
612,630,5.63587556969716e-15
613,630,1.83220982379138e-12
614,630,8.40334777172093e-08
615,630,9.95976844880126e-08
616,630,4.05154878856357e-07
617,630,2.29523001655665e-09
618,630,1.39862761957442e-11
619,630,2.51165301945728e-19
620,630,1.14473918212413e-28
651,630,3.46683590338988e-15
652,630,2.01450562757735e-13
653,630,4.61037679542411e-08
654,630,2.03184883288997e-07
655,630,3.97405287030295e-05
656,630,1.10290511386656e-05
657,630,3.7208312731517e-05
658,630,5.56044245492292e-09
659,630,4.99093557553917e-13
660,630,1.44121758293144e-22
691,630,9.03928917510839e-15
692,630,3.89738285510318e-09
693,630,1.20997470952589e-08
694,630,1.93238973301624e-05
695,630,1.95843821229002e-05
696,630,0.00273696070448275
697,630,0.000427422430947184
698,630,8.42923564253491e-05
699,630,1.69350307268147e-09
700,630,9.0553248109192e-16
731,630,6.17585196906697e-14
732,630,1.59443425875615e-10
733,630,1.31256538104345e-06
734,630,1.57505827939118e-06
735,630,0.00138244203254605
736,630,0.000719114730243533
737,630,0.0673612180097214
738,630,0.00416108634268075
739,630,9.74932847909113e-06
740,630,6.78381487713352e-12
771,630,3.17660409468991e-18
772,630,5.72930056036296e-10
773,630,3.43400426274448e-08
774,630,0.000117250233160389
775,630,7.54350977786957e-05
776,630,0.0402246359077996
777,630,0.00822621707769581
778,630,0.493913105114777
779,630,9.26586718162711e-05
780,630,2.78043465947271e-12
811,630,4.2954174026513e-20
812,630,1.39373081117045e-14
813,630,9.75108551826039e-07
814,630,2.38089740850638e-06
815,630,0.00437889031138205
816,630,0.00118590400708047
817,630,0.327725130205769
818,630,0.000119723858635642
819,630,3.03579570957218e-06
820,630,9.6963946917168e-11
852,630,3.96703887473185e-15
853,630,3.86987963838152e-11
854,630,0.000111994084540666
855,630,5.82226640060702e-05
856,630,0.04469384222259
857,630,0.000169772473230113
858,630,1.95021690879164e-06
859,630,3.13653283134168e-11
893,630,2.89352258682049e-11
894,630,2.06763048534227e-08
895,630,0.00176309335640567
896,630,0.000120143305152619
897,630,2.65992232142906e-06
898,630,1.24297400165474e-10
533,640,4.29227940404019e-20
534,640,1.2371024242713e-17
535,640,6.29054322040858e-20
536,640,1.57768350307606e-20
537,640,2.86287430562809e-25
538,640,1.36136926131538e-28
572,640,4.40489697518466e-21
573,640,5.12831333369771e-14
574,640,6.65904946140512e-12
575,640,8.78975617658826e-11
576,640,5.11648243095228e-13
577,640,5.4898568963662e-14
578,640,1.59287962526195e-17
579,640,1.87957428101324e-23
611,640,4.41208564427693e-21
612,640,2.79637788454226e-14
613,640,5.10252871095465e-12
614,640,2.43968971026242e-07
615,640,2.28820087730021e-07
616,640,1.15031737836131e-06
617,640,4.74135367978576e-09
618,640,3.25869733875034e-11
619,640,3.82443411335596e-19
620,640,1.95592840556092e-28
651,640,2.28851916181693e-14
652,640,8.38449971991007e-13
653,640,1.37859073050404e-07
654,640,4.30991383059281e-07
655,640,7.61757736466612e-05
656,640,1.78854690656659e-05
657,640,6.96611484844731e-05
658,640,7.43157048446998e-09
659,640,7.18214914302988e-13
660,640,1.46663881905469e-22
691,640,8.09087715561168e-14
692,640,1.43563408100943e-08
693,640,3.3633188006587e-08
694,640,3.80804484837221e-05
695,640,3.02868383304673e-05
696,640,0.00391320763804519
697,640,0.000527672141505004
698,640,0.000110072823643059
699,640,1.67543473717175e-09
700,640,8.70913559847137e-16
731,640,3.61347095392361e-13
732,640,6.77617428997799e-10
733,640,3.04385528886336e-06
734,640,2.9938864165887e-06
735,640,0.00202839579231543
736,640,0.000867333538530205
737,640,0.0771853005309587
738,640,0.00406336364798229
739,640,9.37782728641055e-06
740,640,3.23103853226854e-12
771,640,2.64398134975296e-17
772,640,1.75408243209568e-09
773,640,8.84639079184705e-08
774,640,0.000196628568172164
775,640,0.000107155560825931
776,640,0.0472093184619425
777,640,0.00803213848690261
778,640,0.475093392004695
779,640,4.46158268212203e-05
780,640,2.67320554287497e-12
811,640,2.25051978441066e-19
812,640,4.9216994981603e-14
813,640,2.11438566862433e-06
814,640,4.29070511050318e-06
815,640,0.00573449258145037
816,640,0.00131559798212472
817,640,0.322346473587564
818,640,5.67910009185104e-05
819,640,2.91981839018121e-06
820,640,4.61799529093804e-11
852,640,1.10176276128254e-14
853,640,8.19533249783975e-11
854,640,0.000180053401765777
855,640,7.90020947876501e-05
856,640,0.0481614503285834
857,640,0.000117852471543021
858,640,1.91893773674713e-06
859,640,1.4561440918776e-11
893,640,5.25716544964198e-11
894,640,3.34182188792323e-08
895,640,0.00224315146573928
896,640,0.000122840403182941
897,640,2.57203426325939e-06
898,640,8.70760984478534e-11
533,650,1.38964742819098e-19
534,650,6.18143485326699e-17
535,650,2.02571810739412e-19
536,650,7.86913165601233e-20
537,650,8.70497878400447e-25
538,650,6.3839860376707e-28
572,650,1.22689936549987e-20
573,650,1.49400091924359e-13
574,650,1.5671536751412e-11
575,650,2.61663687530966e-10
576,650,1.14099098179203e-12
577,650,1.56034958316606e-13
578,650,3.29093629620889e-17
579,650,4.38350825526456e-23
611,650,1.83674491979891e-20
612,650,8.38462972766307e-14
613,650,1.09283028849605e-11
614,650,5.52721281624531e-07
615,650,4.38314432044491e-07
616,650,2.55159057666498e-06
617,650,8.20252336204171e-09
618,650,6.10873399739646e-11
619,650,5.11230189517274e-19
620,650,2.81677489601037e-28
651,650,8.46432676980938e-14
652,650,2.38465025948191e-12
653,650,3.21150865517848e-07
654,650,7.82037660816365e-07
655,650,0.000127820407440808
656,650,2.62152168404732e-05
657,650,0.00011461196252632
658,650,9.2082736005584e-09
659,650,9.38524759388585e-13
660,650,1.45289590823153e-22
691,650,3.70668831864662e-13
692,650,3.94599279875132e-08
693,650,7.50524055726518e-08
694,650,6.56035370656054e-05
695,650,4.29266654661346e-05
696,650,0.00522236811145777
697,650,0.000621254063336321
698,650,0.000135182935946329
699,650,1.63818476117674e-09
700,650,8.38507307649136e-16
731,650,1.22182922851571e-12
732,650,2.04127419514721e-09
733,650,6.00098755109349e-06
734,650,5.00715439994656e-06
735,650,0.0027745084456526
736,650,0.00100429335728699
737,650,0.0860167606041907
738,650,0.00394834908425147
739,650,9.02986024598759e-06
740,650,1.5579002377299e-12
771,650,1.12401676130284e-16
772,650,4.11296314957051e-09
773,650,1.86909657535677e-07
774,650,0.000301577157926125
775,650,0.000141971661666794
776,650,0.0538160375055587
777,650,0.00781486794352787
778,650,0.457442960540985
779,650,2.19942128999929e-05
780,650,2.5736502610477e-12
811,650,6.89726650584782e-19
812,650,1.25592729270807e-13
813,650,3.95557589750028e-06
814,650,6.88605624292761e-06
815,650,0.00719615922065345
816,650,0.00142202159421256
817,650,0.316950693955408
818,650,2.80246075236035e-05
819,650,2.81113093114828e-06
820,650,2.22638225759496e-11
852,650,2.39578117135535e-14
853,650,1.45462055565715e-10
854,650,0.000267182966348627
855,650,0.000100784856879462
856,650,0.0513944377817122
857,650,8.17059584006925e-05
858,650,1.88799239861099e-06
859,650,6.90903321309368e-12
893,650,8.4577417803772e-11
894,650,4.84390332937589e-08
895,650,0.00275356261387579
896,650,0.000122795806497288
897,650,2.72690781614169e-06
898,650,6.05443862739941e-11
533,660,3.27283652521095e-19
534,660,1.84642422934225e-16
535,660,4.75007841195157e-19
536,660,2.34757646306954e-19
537,660,1.94238971132845e-24
538,660,1.81697161407684e-27
572,660,2.62807189270513e-20
573,660,3.39654849160725e-13
574,660,3.05874623131415e-11
575,660,6.02808540655772e-10
576,660,2.1280447194176e-12
577,660,3.46517241549375e-13
578,660,5.69410724611043e-17
579,660,8.22540043989082e-23
611,660,5.22502990673116e-20
612,660,1.95859192724307e-13
613,660,1.99753119763769e-11
614,660,1.07591037537208e-06
615,660,7.45316483201318e-07
616,660,4.8659474715365e-06
617,660,1.26594032175315e-08
618,660,1.00626695581161e-10
619,660,6.33563405481233e-19
620,660,3.6839489017993e-28
651,660,2.33465054827002e-13
652,660,5.41984745442927e-12
653,660,6.41780435017292e-07
654,660,1.27795016563105e-06
655,660,0.000196158602680461
656,660,3.58609949315207e-05
657,660,0.000173028786628948
658,660,1.08696317051563e-08
659,660,1.15350081099777e-12
660,660,1.42252482943395e-22
691,660,1.19552293313232e-12
692,660,9.04387705626367e-08
693,660,1.44901013592715e-07
694,660,0.000103234950977497
695,660,5.72484956983971e-05
696,660,0.00663841963411503
697,660,0.000707984233945255
698,660,0.000159196420397467
699,660,1.59391600393828e-09
700,660,8.08170864341514e-16
731,660,3.13792526632369e-12
732,660,4.97012574105019e-09
733,660,1.05990674401782e-05
734,660,7.66214784348984e-06
735,660,0.00361053669705226
736,660,0.00113000261044269
737,660,0.0939416612010959
738,660,0.00382997701847574
739,660,8.70386181634704e-06
740,660,7.69106910883399e-13
771,660,3.38764180489201e-16
772,660,8.18836018910833e-09
773,660,3.45756620561875e-07
774,660,0.000433937984915534
775,660,0.000179019198075165
776,660,0.0600440781108641
777,660,0.00759263415264923
778,660,0.440889454687428
779,660,1.13228665803187e-05
780,660,2.48044514181831e-12
811,660,1.61908112998607e-18
812,660,2.63503609883769e-13
813,660,6.70089917740824e-06
814,660,1.01901006271694e-05
815,660,0.00874679242290611
816,660,0.00151034899599474
817,660,0.311560630871561
818,660,1.47954847725425e-05
819,660,2.70923572946359e-06
820,660,1.09887135522899e-11
852,660,4.49590024471932e-14
853,660,2.30232680840608e-10
854,660,0.000374498373324987
855,660,0.000123084833349462
856,660,0.0544059309280362
857,660,5.6888552753316e-05
858,660,1.85702211090587e-06
859,660,3.41023481680182e-12
893,660,1.25586634749098e-10
894,660,6.51483913509388e-08
895,660,0.00329162956082288
896,660,0.000121021350256022
897,660,2.90702938428585e-06
898,660,4.20511267198914e-11
533,670,6.3926378650462e-19
534,670,4.26722503269901e-16
535,670,9.24541541081755e-19
536,670,5.42034442693573e-19
537,670,3.62496999671893e-24
538,670,4.04076622356667e-27
572,670,4.80438360482493e-20
573,670,6.63525381435899e-13
574,670,5.27874427157038e-11
575,670,1.18633948690833e-09
576,670,3.53384531925914e-12
577,670,6.61646077813425e-13
578,670,8.78930875368303e-17
579,670,1.35629525192388e-22
611,670,1.18779188740898e-19
612,670,3.92480272754816e-13
613,670,3.28292951473299e-11
614,670,1.88908259537157e-06
615,670,1.165302987979e-06
616,670,8.37216514095456e-06
617,670,1.80529943669303e-08
618,670,1.52091820123633e-10
619,670,7.47997557250378e-19
620,670,4.53229186743646e-28
651,670,5.36727642074332e-13
652,670,1.06200802604771e-11
653,670,1.15503013699755e-06
654,670,1.93731672713582e-06
655,670,0.000282301111107864
656,670,4.66684002833766e-05
657,670,0.00024566737139208
658,670,1.24113256019044e-08
659,670,1.35957445591854e-12
660,670,1.38603068275213e-22
691,670,3.092843428084e-12
692,670,1.82938930654649e-07
693,670,2.5245199015199e-07
694,670,0.000152161988696466
695,670,7.30073724933418e-05
696,670,0.00813819387842455
697,670,0.00078806311994539
698,670,0.000181906016567913
699,670,1.54823596309206e-09
700,670,7.79769475094942e-16
731,670,6.80070118348496e-12
732,670,1.04632250282846e-08
733,670,1.72855624896352e-05
734,670,1.0985848421329e-05
735,670,0.00452630715472198
736,670,0.00124485154876848
737,670,0.101038835883003
738,670,0.00371452931782651
739,670,8.39842802078954e-06
740,670,3.96555400200984e-13
771,670,8.25323520141267e-16
772,670,1.4583696794686e-08
773,670,5.81493732132101e-07
774,670,0.000595102761499978
775,670,0.000217595256202319
776,670,0.0658949282011253
777,670,0.0073733998485534
778,670,0.425365732353154
779,670,6.27215609394478e-06
780,670,2.39316479349038e-12
811,670,3.22732524158251e-18
812,670,4.8486560924429e-13
813,670,1.05695740244561e-05
814,670,1.42059170554114e-05
815,670,0.0103704132099499
816,670,0.00158454285759584
817,670,0.306196199948619
818,670,8.65260603087204e-06
819,670,2.61371410000898e-06
820,670,5.66347576546392e-12
852,670,7.64186531099329e-14
853,670,3.36458311754739e-10
854,670,0.000502937448600346
855,670,0.000145571371096918
856,670,0.0572083514691458
857,670,4.00024692695177e-05
858,670,1.82608682323721e-06
859,670,1.80080905778879e-12
893,670,1.7613888389946e-10
894,670,8.30278256002989e-08
895,670,0.00385492151065793
896,670,0.000118240114003392
897,670,3.08025022845593e-06
898,670,2.93391904955175e-11
533,680,1.10406918155191e-18
534,680,8.42371153596114e-16
535,680,1.59219097016481e-18
536,680,1.0692292708831e-18
537,680,6.02355015068414e-24
538,680,7.72671291804445e-27
572,680,7.89703527509682e-20
573,680,1.16929214537244e-12
574,680,8.35246577743682e-11
575,680,2.09721573258472e-09
576,680,5.41053104351289e-12
577,680,1.13990758770551e-12
578,680,1.25360065431922e-16
579,680,2.05205352369957e-22
611,680,2.32792409809158e-19
612,680,7.0833354014343e-13
613,680,4.99956120481759e-11
614,680,3.07791427089863e-06
615,680,1.71208500957896e-06
616,680,1.3366976436026e-05
617,680,2.43044686540241e-08
618,680,2.16186752246406e-10
619,680,8.5422852644395e-19
620,680,5.34841935700093e-28
651,680,1.08869245772254e-12
652,680,1.87288537030772e-11
653,680,1.92607278600416e-06
654,680,2.77588387890844e-06
655,680,0.000387032367811747
656,680,5.84922062208268e-05
657,680,0.000333129421268041
658,680,1.38363397823999e-08
659,680,1.55507853874827e-12
660,680,1.34826626534941e-22
691,680,6.87056552470846e-12
692,680,3.37689406775285e-07
693,680,4.0741601583929e-07
694,680,0.000213415788321464
695,680,8.99741067150871e-05
696,680,0.00970106605533519
697,680,0.000861847757566785
698,680,0.000203243978657965
699,680,1.50367977115627e-09
700,680,7.53183559441539e-16
731,680,1.31224729635234e-11
732,680,1.9815621060784e-08
733,680,2.65322352677713e-05
734,680,1.49887381456379e-05
735,680,0.00551180436552668
736,680,0.00134937500708101
737,680,0.107380539242219
738,680,0.00360471503060665
739,680,8.11229883347794e-06
740,680,2.20030658221255e-13
771,680,1.73869468531458e-15
772,680,2.39564319302209e-08
773,680,9.10485975142907e-07
774,680,0.00078605261389202
775,680,0.000257128043307961
776,680,0.0713719322343717
777,680,0.00716051061065802
778,680,0.410809483196372
779,680,3.86711620396563e-06
780,680,2.3114440243146e-12
811,680,5.75566641472149e-18
812,680,8.12108997561922e-13
813,680,1.57996255266867e-05
814,680,1.89224851691125e-05
815,680,0.0120520997039528
816,680,0.00164754435611772
817,680,0.300874691890252
818,680,5.75460749804701e-06
819,680,2.52417861207689e-06
820,680,3.14030258679284e-12
852,680,1.20976035349075e-13
853,680,4.63810953440372e-10
854,680,0.000653281891513537
855,680,0.000168025346399908
856,680,0.0598135819358309
857,680,2.85838036227892e-05
858,680,1.7952914910829e-06
859,680,1.05333334972769e-12
893,680,2.36690417363944e-10
894,680,1.01657840890485e-07
895,680,0.00444125322884266
896,680,0.000114954093319907
897,680,3.24232374723332e-06
898,680,2.06801966718529e-11
533,690,1.74829842829008e-18
534,690,1.49363577671133e-15
535,690,2.51525895638517e-18
536,690,1.89479163261238e-18
537,690,9.22864986680609e-24
538,690,1.33317313980202e-26
572,690,1.20279546755776e-19
573,690,1.91232926298275e-12
574,690,1.23927497510095e-10
575,690,3.42973703772003e-09
576,690,7.80306564141866e-12
577,690,1.82248627107818e-12
578,690,1.68801019170394e-16
579,690,2.91984387873552e-22
611,690,4.10620555946278e-19
612,690,1.18454055690468e-12
613,690,7.190390023589e-11
614,690,4.73889294442774e-06
615,690,2.39797386675317e-06
616,690,2.01626334564276e-05
617,690,3.13276025905302e-08
618,690,2.93483212359893e-10
619,690,9.52454728973008e-19
620,690,6.12676438171137e-28
651,690,2.01472535103632e-12
652,690,3.05328520933557e-11
653,690,3.0305673523461e-06
654,690,3.80680700257959e-06
655,690,0.000510850570265265
656,690,7.1198589504271e-05
657,690,0.000435905601082783
658,690,1.5150665308425e-08
659,690,1.73959793555839e-12
660,690,1.31143208636474e-22
691,690,1.36497590681297e-11
692,690,5.81173245409365e-07
693,690,6.19706596585075e-07
694,690,0.000287871146147087
695,690,0.000107936716301284
696,690,0.0113086772836689
697,690,0.000929747261430013
698,690,0.0002232332002704
699,690,1.46134641773602e-09
700,690,7.28307639729935e-16
731,690,2.32624920498111e-11
732,690,3.46276103758339e-08
733,690,3.88277998123606e-05
734,690,1.96679909429243e-05
735,690,0.00655724380325706
736,690,0.00144414853083558
737,690,0.113033023311432
738,690,0.0035015844645668
739,690,7.84434421764208e-06
740,690,1.3590049733324e-13
771,690,3.29532583569266e-15
772,690,3.70107292870057e-08
773,690,1.34859805480764e-06
774,690,0.00100739465125017
775,690,0.000297149238144248
776,690,0.076479986442109
777,690,0.0069552407129254
778,690,0.39716287733568
779,690,2.7089928050221e-06
780,690,2.23495701387039e-12
811,690,9.46865937572821e-18
812,690,1.2674736674631e-12
813,690,2.26509818073399e-05
814,690,2.43191134503072e-05
815,690,0.0137779292021831
816,690,0.00170151320917374
817,690,0.295611044043633
818,690,4.35095477425865e-06
819,690,2.44026985234891e-06
820,690,1.93784466246091e-12
852,690,1.8154393966756e-13
853,690,6.11640844985882e-10
854,690,0.000826176080360436
855,690,0.000190304948243879
856,690,0.0622329929155508
857,690,2.08986779701439e-05
858,690,1.76473504893681e-06
859,690,7.00677441236384e-13
893,690,3.07623705669121e-10
894,690,1.20718211716981e-07
895,690,0.00504866760150871
896,690,0.000111504504817016
897,690,3.39318277162229e-06
898,690,1.48192680277684e-11
533,700,2.5960360598008e-18
534,700,2.44999995245348e-15
535,700,3.72745831876324e-18
536,700,3.10654069571528e-18
537,700,1.33189214372517e-23
538,700,2.13474976246922e-26
572,700,1.7300900806268e-19
573,700,2.95570281303031e-12
574,700,1.75010355479815e-10
575,700,5.28744442553466e-09
576,700,1.07507025632899e-11
577,700,2.75296816688518e-12
578,700,2.1762841442656e-16
579,700,3.96795424068801e-22
611,700,6.69559498402186e-19
612,700,1.86919436567715e-12
613,700,9.89144660374729e-11
614,700,6.98046181887317e-06
615,700,3.23397066774015e-06
616,700,2.90856016636099e-05
617,700,3.90362542903981e-08
618,700,3.84457763935681e-10
619,700,1.04308197605161e-18
620,700,6.86727588137626e-28
651,700,3.47556662946899e-12
652,700,4.68423298768467e-11
653,700,4.55546290634941e-06
654,700,5.0409072464715e-06
655,700,0.00065400147410545
656,700,8.4665528865847e-05
657,700,0.000554407961304598
658,700,1.63613305372198e-08
659,700,1.91359403004672e-12
660,700,1.27648727826487e-22
691,700,2.49022933862176e-11
692,700,9.46312273247674e-07
693,700,8.99253379031762e-07
694,700,0.000376247418329769
695,700,0.000126700212398576
696,700,0.0129446859578371
697,700,0.000992175664665682
698,700,0.000241959166709919
699,700,1.42166725116344e-09
700,700,7.05049822625785e-16
731,700,3.86537320853593e-11
732,700,5.68092092569871e-08
733,700,5.46712529329705e-05
734,700,2.50100661109624e-05
735,700,0.00765313210511839
736,700,0.00152974381960219
737,700,0.118057051493069
738,700,0.00340542676124739
739,700,7.59355786827899e-06
740,700,9.53766467052965e-14
771,700,5.76331855471544e-15
772,700,5.44933170863131e-08
773,700,1.91093698419809e-06
774,700,0.00125939530742875
775,700,0.000337271706552894
776,700,0.0812252707899966
777,700,0.00675794036486696
778,700,0.384372242469319
779,700,2.13982906665097e-06
780,700,2.1634153051976e-12
811,700,1.46519739788399e-17
812,700,1.87251030128891e-12
813,700,3.14099011318964e-05
814,700,3.03686370454574e-05
815,700,0.0155349214621125
816,700,0.00174803875545724
817,700,0.290418085346808
818,700,3.64122609696191e-06
819,700,2.36165436718962e-06
820,700,1.3587052724941e-12
852,700,2.61356717474953e-13
853,700,7.7910595219318e-10
854,700,0.00102214316952888
855,700,0.000212320604734643
856,700,0.0644774520292255
857,700,1.57490640177937e-05
858,700,1.73450411446241e-06
859,700,5.299135532672e-13
893,700,3.89255581299773e-10
894,700,1.3997721309686e-07
895,700,0.00567541980595723
896,700,0.000108119295059519
897,700,3.53336554722231e-06
898,700,1.08724867308865e-11
533,710,3.66907439798896e-18
534,710,3.7884604254318e-15
535,710,5.25925670367563e-18
536,710,4.80176161693403e-18
537,710,1.83636524950566e-23
538,710,3.22974187737019e-26
572,710,2.38029858166613e-19
573,710,4.37107206055423e-12
574,710,2.37687462705162e-10
575,710,7.78347229005748e-09
576,710,1.4288179267916e-11
577,710,3.97719750302829e-12
578,710,2.71266102753003e-16
579,710,5.20342098892724e-22
611,710,1.02745100807613e-18
612,710,2.81797041392696e-12
613,710,1.31325004574226e-10
614,710,9.92462441620952e-06
615,710,4.22995752289355e-06
616,710,4.04761846480605e-05
617,710,4.73489652689538e-08
618,710,4.89519720549589e-10
619,710,1.12658859053095e-18
620,710,7.57431985918618e-28
651,710,5.67170754383137e-12
652,710,6.84757973549482e-11
653,710,6.60003183608787e-06
654,710,6.48691644392583e-06
655,710,0.000816506527204322
656,710,9.8782405608724e-05
657,710,0.00068899484733202
658,710,1.74755155017798e-08
659,710,2.07822838751361e-12
660,710,1.24381305391521e-22
691,710,4.24901102867515e-11
692,710,1.47317468084599e-06
693,710,1.25585476283206e-06
694,710,0.00047911015600155
695,710,0.000146085727954652
696,710,0.0145945448037726
697,710,0.00104953133201402
698,710,0.000259557061008628
699,710,1.38476676816444e-09
700,710,6.83332313025385e-16
731,710,6.10310968972649e-11
732,710,8.85818942835953e-08
733,710,7.45658315943728e-05
734,710,3.09927980381052e-05
735,710,0.00879031657747419
736,710,0.00160671045648703
737,710,0.122508357877461
738,710,0.00331619034627307
739,710,7.35905871161149e-06
740,710,7.54794740672613e-14
771,710,9.46348237294023e-15
772,710,7.71926586739715e-08
773,710,2.61168195985524e-06
774,710,0.00154201029473663
775,710,0.000377172468413992
776,710,0.0856150133814099
777,710,0.00656855234686796
778,710,0.372387767170078
779,710,1.84995286956453e-06
780,710,2.09656859397639e-12
811,710,2.1611654645597e-17
812,710,2.64773724438478e-12
813,710,4.23948030084536e-05
814,710,3.70397007415845e-05
815,710,0.0173109833272483
816,710,0.00178830373843278
817,710,0.285306756941803
818,710,3.25778521105275e-06
819,710,2.28802280381651e-06
820,710,1.07440437738433e-12
852,710,3.64035515064012e-13
853,710,9.65254990769274e-10
854,710,0.0012415985126866
855,710,0.000234017206388156
856,710,0.06655733224584
857,710,1.23169511105477e-05
858,710,1.70467322420585e-06
859,710,4.43661956598546e-13
893,710,4.81844025037362e-10
894,710,1.59279232091389e-07
895,710,0.00631996279745537
896,710,0.000104948396710665
897,710,3.6634774711723e-06
898,710,8.22874869439478e-12
533,720,4.98719962050534e-18
534,720,5.59393721047968e-15
535,720,7.13829891579159e-18
536,720,7.08772174543271e-18
537,720,2.44248449978634e-23
538,720,4.67354050554876e-26
572,720,3.16062774994311e-19
573,720,6.2398966917171e-12
574,720,3.12787432298281e-10
575,720,1.10413116389516e-08
576,720,1.84467033198078e-11
577,720,5.54326092632332e-12
578,720,3.29193987989452e-16
579,720,6.63239348091505e-22
611,720,1.50236861747713e-18
612,720,4.09488852334961e-12
613,720,1.69377069984891e-10
614,720,1.37090173270045e-05
615,720,5.39488113385566e-06
616,720,5.46889369095803e-05
617,720,5.6192386755801e-08
618,720,6.09032414725684e-10
619,720,1.20346553766443e-18
620,720,8.25656933920838e-28
651,720,8.84792483766329e-12
652,720,9.62486356574911e-11
653,720,9.27715315808759e-06
654,720,8.15170317881798e-06
655,720,0.000998185860383962
656,720,0.000113449281115856
657,720,0.000839990308940128
658,720,1.85001727590795e-08
659,720,2.23535043833711e-12
660,720,1.21352456642178e-22
691,720,6.87184191678889e-11
692,720,2.2097138478972e-06
693,720,1.69906202759354e-06
694,720,0.000596873171994819
695,720,0.000165929422543774
696,720,0.0162453008416727
697,720,0.00110218862845955
698,720,0.00027621136110815
699,720,1.3506318284362e-09
700,720,6.63093139061915e-16
731,720,9.24613892170013e-11
732,720,1.32479162064537e-07
733,720,9.9013548273004e-05
734,720,3.75870849070877e-05
735,720,0.0099600257577185
736,720,0.00167556920911643
737,720,0.126438056943776
738,720,0.00323367944199475
739,720,7.14010119377162e-06
740,720,6.53796412089654e-14
771,720,1.47699571455378e-14
772,720,1.05941889771393e-07
773,720,3.46397727550622e-06
774,720,0.00185491099612498
775,720,0.000416579943077201
776,720,0.0896572835618066
777,720,0.00638684427284599
778,720,0.361163228425728
779,720,1.69351159637668e-06
780,720,2.03420836456531e-12
811,720,3.06751530184893e-17
812,720,3.61241189084539e-12
813,720,5.59636089245959e-05
814,720,4.42983855870355e-05
815,720,0.0190948551748527
816,720,0.00182320396793415
817,720,0.280286310725231
818,720,3.03077109250932e-06
819,720,2.21908820864008e-06
820,720,9.30142717221793e-13
852,720,4.93671950362373e-13
853,720,1.16908186741354e-09
854,720,0.00148486040661417
855,720,0.000255361730760342
856,720,0.0684825217520656
857,720,1.00485582962623e-05
858,720,1.6753059341093e-06
859,720,3.97195306098662e-13
893,720,5.85593592470334e-10
894,720,1.78536666041233e-07
895,720,0.00698093405439581
896,720,0.000102089035576352
897,720,3.78411033512695e-06
898,720,6.47085743656345e-12
533,730,6.56849353225745e-18
534,730,7.95999273638292e-15
535,730,9.38984448613162e-18
536,730,1.00825762757923e-17
537,730,3.15590118959063e-23
538,730,6.52461522844986e-26
572,730,4.07693440150129e-19
573,730,8.65496015001314e-12
574,730,4.01067494640347e-10
575,730,1.51959612998042e-08
576,730,2.32548071184844e-11
577,730,7.50158110981476e-12
578,730,3.90998313499879e-16
579,730,8.26040687771347e-22
611,730,2.11241221229111e-18
612,730,5.77323996249054e-12
613,730,2.13262080814892e-10
614,730,1.84894695729114e-05
615,730,6.73692529388296e-06
616,730,7.20937636678081e-05
617,730,6.55051745935175e-08
618,730,7.43329503357411e-10
619,730,1.27419238601383e-18
620,730,8.92786657966626e-28
651,730,1.32980196499595e-11
652,730,1.30965615155512e-10
653,730,1.27148671387279e-05
654,730,1.0040478257605e-05
655,730,0.00119867656267156
656,730,0.000128576067375841
657,730,0.00100769931260974
658,730,1.94418901832407e-08
659,730,2.38764670162722e-12
660,730,1.18561736390405e-22
691,730,1.06426165856473e-10
692,730,3.21254589684107e-06
693,730,2.23808857265428e-06
694,730,0.000729800777461283
695,730,0.000186081348562324
696,730,0.017885415901324
697,730,0.00115049518475752
698,730,0.000292167760135362
699,730,1.3191908516833e-09
700,730,6.44289439842659e-16
731,730,1.35375435554454e-10
732,730,1.91347059912175e-07
733,730,0.000128510257837789
734,730,4.47582645077864e-05
735,730,0.0111539026195921
736,730,0.00173681036224147
737,730,0.129893006071557
738,730,0.00315764549462353
739,730,6.93609680651025e-06
740,730,5.997169850101e-14
771,730,2.21106535860287e-14
772,730,1.41626676329863e-07
773,730,4.47987028503962e-06
774,730,0.00219750710638639
775,730,0.00045526442484912
776,730,0.0933608104591544
777,730,0.00621251262552084
778,730,0.350655741799327
779,730,1.60176029114082e-06
780,730,1.97617518025611e-12
811,730,4.21948652064608e-17
812,730,4.78438494347076e-12
813,730,7.25227327818143e-05
814,730,5.21093738337364e-05
815,730,0.0208760596775079
816,730,0.00185343287193288
817,730,0.275364487915657
818,730,2.88112009842781e-06
819,730,2.15458447118774e-06
820,730,8.52940721109367e-13
852,730,6.5493190067902e-13
853,730,1.38956447921701e-09
854,730,0.0017521581161504
855,730,0.000276334701058251
856,730,0.0702624353262821
857,730,8.57186317561647e-06
858,730,1.64645594337573e-06
859,730,3.69862289267657e-13
893,730,7.00659456767799e-10
894,730,1.97730914332894e-07
895,730,0.00765714356472456
896,730,9.96035370741365e-05
897,730,3.89583059517187e-06
898,730,5.31688405093525e-12
533,740,8.42962980135064e-18
534,740,1.09898486694835e-14
535,740,1.20371958467595e-17
536,740,1.39166489588424e-17
537,740,3.9818901055501e-23
538,740,8.84467388442789e-26
572,740,5.13386907679844e-19
573,740,1.17222261528182e-11
574,740,5.03227014601716e-10
575,740,2.03954581412859e-08
576,740,2.87391570777664e-11
577,740,9.9051071991675e-12
578,740,4.56453427827853e-16
579,740,1.00925831518527e-21
611,740,2.8756327180088e-18
612,740,7.9366940508999e-12
613,740,2.63126805336546e-10
614,740,2.44430777332788e-05
615,740,8.26367150367569e-06
616,740,9.30776381091025e-05
617,740,7.5244509543132e-08
618,740,8.92727314808356e-10
619,740,1.33923184168977e-18
620,740,9.60923606565492e-28
651,740,1.93698012631693e-11
652,740,1.73417934312901e-10
653,740,1.70582233571648e-05
654,740,1.2156979954832e-05
655,740,0.00141744658802581
656,740,0.00014408168575725
657,740,0.00119241954784779
658,740,2.03068804076693e-08
659,740,2.53898145382752e-12
660,740,1.16003601794417e-22
691,740,1.59158910877374e-10
692,740,4.54777249407604e-06
693,740,2.88173911848322e-06
694,740,0.000878009960214865
695,740,0.000206404354635726
696,740,0.0195046057012486
697,740,0.00119477166760308
698,740,0.000307759710751233
699,740,1.29035071844674e-09
700,740,6.26902922564846e-16
731,740,1.92602923240592e-10
732,740,2.68345517810489e-07
733,740,0.00016354121177639
734,740,5.24672464214524e-05
735,740,0.0123640318388142
736,740,0.00179089418658364
737,740,0.132916120589459
738,740,0.00308782930927775
739,740,6.74665112507181e-06
740,740,5.68504609970833e-14
771,740,3.19676922328665e-14
772,740,1.85200722554029e-07
773,740,5.67028125317189e-06
774,740,0.00256896530877813
775,740,0.000493030911115747
776,740,0.0967348241314925
777,740,0.00604522899471229
778,740,0.340825532911678
779,740,1.54230101042512e-06
780,740,1.92237103500244e-12
811,740,5.6555948366432e-17
812,740,6.1800140204031e-12
813,740,9.25378979121022e-05
814,740,6.04367927436479e-05
815,740,0.0226448533435557
816,740,0.00187954001011254
817,740,0.270547679510143
818,740,2.77175854556134e-06
819,740,2.09426490645388e-06
820,740,8.08417683001439e-13
852,740,8.53181509893309e-13
853,740,1.62569789607939e-09
854,740,0.00204363710471011
855,740,0.000296924292719596
856,740,0.0719060268654481
857,740,7.63943062798754e-06
858,740,1.61816812477318e-06
859,740,3.520821842198e-13
893,740,8.27150024977555e-10
894,740,2.16928480834219e-07
895,740,0.00834756304869565
896,740,9.75316977532469e-05
897,740,3.99917811259402e-06
898,740,4.5784812446415e-12
533,750,1.05861562427304e-17
534,750,1.47977015402494e-14
535,750,1.51021113380386e-17
536,750,1.87340891598547e-17
537,750,4.92554602253935e-23
538,750,1.16989408100743e-25
572,750,6.33500791958452e-19
573,750,1.55630525530277e-11
574,750,6.1992016600934e-10
575,750,2.68027902605872e-08
576,750,3.49254333473155e-11
577,750,1.28095939227705e-11
578,750,5.25679238012969e-16
579,750,1.21337696862618e-21
611,750,3.81014185900399e-18
612,750,1.06805993935086e-11
613,750,3.19078343139383e-10
614,750,3.17718368227547e-05
615,750,9.98224810297704e-06
616,750,0.000118046891295661
617,750,8.53988704576839e-08
618,750,1.0575337159699e-09
619,750,1.3990366982934e-18
620,750,1.03324582610385e-27
651,750,2.74703499131603e-11
652,750,2.24386502315315e-10
653,750,2.24714456924997e-05
654,750,1.45036401944204e-05
655,750,0.00165380456647654
656,750,0.000159893251727705
657,750,0.00139445021170262
658,750,2.11010579940243e-08
659,750,2.6949971584722e-12
660,750,1.13670611304309e-22
691,750,2.315120644306e-10
692,750,6.29185438266817e-06
693,750,3.63835474248006e-06
694,750,0.00104147230458922
695,750,0.000226773054572895
696,750,0.0210936958390333
697,750,0.00123531262242538
698,750,0.000323454824185121
699,750,1.26401379508472e-09
700,750,6.10948452144136e-16
731,750,2.67410936960887e-10
732,750,3.66951032296801e-07
733,750,0.000204577057596198
734,750,6.06714530556352e-05
735,750,0.0135829623898484
736,750,0.00183825227068375
737,750,0.135546637778431
738,750,0.00302398007831983
739,750,6.57162316966744e-06
740,750,5.48902452251749e-14
771,750,4.48779587784229e-14
772,750,2.37715311523945e-07
773,750,7.04499548958641e-06
774,750,0.00296822374050376
775,750,0.000529713618294948
776,750,0.0997889169140372
777,750,0.00588466027876757
778,750,0.331635729329983
779,750,1.49994638323956e-06
780,750,1.87277900085477e-12
811,750,7.41926558838769e-17
812,750,7.81411939733821e-12
813,750,0.000116546996494106
814,750,6.92448365591589e-05
815,750,0.0243921812806931
816,750,0.0019019709258953
817,750,0.26584107030413
818,750,2.68530196645482e-06
819,750,2.03790097189463e-06
820,750,7.80482755998922e-13
852,750,1.09463797609422e-12
853,750,1.87653156079979e-09
854,750,0.00235936135560134
855,750,0.0003171222278174
856,750,0.0734218027021744
857,750,7.08963582198359e-06
858,750,1.59047945253758e-06
859,750,3.39421496539958e-13
893,750,9.65128065226094e-10
894,750,2.36322147011288e-07
895,750,0.00905131642192804
896,750,9.58993064452367e-05
897,750,4.09466652161418e-06
898,750,4.13216126390659e-12
533,760,1.30527610426132e-17
534,760,1.95103574988918e-14
535,760,1.86052097022219e-17
536,760,2.4694930501199e-17
537,760,5.99205940106893e-23
538,760,1.51565461372291e-25
572,760,7.68297370630874e-19
573,760,2.03167940411532e-11
574,760,7.51767772605814e-10
575,760,3.45982123442487e-08
576,760,4.18394762364634e-11
577,760,1.62739647794576e-11
578,760,5.99458393597436e-16
579,760,1.43886152775859e-21
611,760,4.93452251549061e-18
612,760,1.4113495766593e-11
613,760,3.81188655983657e-10
614,760,4.07068781633042e-05
615,760,1.18994688372429e-05
616,760,0.000147430050881028
617,760,9.60139085411252e-08
618,760,1.23805348872609e-09
619,760,1.45406989843729e-18
620,760,1.11459276102643e-27
651,760,3.80715861210465e-11
652,760,2.84655125827855e-10
653,760,2.91404394424191e-05
654,760,1.70817330606678e-05
655,760,0.00190690572351627
656,760,0.000175945293547402
657,760,0.00161409777375579
658,760,2.18302140841079e-08
659,760,2.86409498831328e-12
660,760,1.11554894322523e-22
691,760,3.29815572370367e-10
692,760,8.53254002196207e-06
693,760,4.51577043328957e-06
694,760,0.0012200154759439
695,760,0.000247072870041058
696,760,0.0226444933779761
697,760,0.00127238772974416
698,760,0.00033993032077513
699,760,1.24008560369628e-09
700,760,5.96487253396242e-16
731,760,3.63548284575118e-10
732,760,4.90960965338784e-07
733,760,0.000252070241050612
734,760,6.93256088053239e-05
735,760,0.0148037266186763
736,760,0.00187928916248739
737,760,0.137820321736308
738,760,0.00296586357495601
739,760,6.41121757645635e-06
740,760,5.35820303478068e-14
771,760,6.14338287291926e-14
772,760,3.0037777923308e-07
773,760,8.61267073883449e-06
774,760,0.00339400195932438
775,760,0.00056517170676464
776,760,0.102532922997553
777,760,0.00573047714913082
778,760,0.323052172423711
779,760,1.46779788038946e-06
780,760,1.827493604107e-12
811,760,9.56232549688898e-17
812,760,9.69996945297355e-12
813,760,0.000145175246717179
814,760,7.84982361917504e-05
815,760,0.0261096356177097
816,760,0.00192109378521069
817,760,0.261248767957382
818,760,2.61391056998785e-06
819,760,1.98528111940224e-06
820,760,7.61860017684408e-13
852,760,1.38654810921255e-12
853,760,2.14122292926562e-09
854,760,0.00269931262670886
855,760,0.000336920843001834
856,760,0.0748178353760888
857,760,6.82102890417426e-06
858,760,1.56341983422082e-06
859,760,3.29910167070866e-13
893,760,1.11461026091157e-09
894,760,2.56315163104538e-07
895,760,0.0097676715123012
896,760,9.47239705725889e-05
897,760,4.18278387378159e-06
898,760,3.90011331686415e-12
533,770,1.58435257780937e-17
534,770,2.52692621208793e-14
535,770,2.25663882817337e-17
536,770,3.19776452017144e-17
537,770,7.1871785499545e-23
538,770,1.92910234118448e-25
572,770,9.17954838609404e-19
573,770,2.61438328928122e-11
574,770,8.9936840840169e-10
575,770,4.39820134798586e-08
576,770,4.95090752278476e-11
577,770,2.03607579456305e-11
578,770,6.79878698927725e-16
579,770,1.68615725937841e-21
611,770,6.26876509868877e-18
612,770,1.83588538077914e-11
613,770,4.49498729513608e-10
614,770,5.15133773828865e-05
615,770,1.40219620022703e-05
616,770,0.000181681223919214
617,770,1.07244848424137e-07
618,770,1.4345896516958e-09
619,770,1.50484479553983e-18
620,770,1.2123975637603e-27
651,770,5.171616680698e-11
652,770,3.55040719543218e-10
653,770,3.72756678175431e-05
654,770,1.98915070280908e-05
655,770,0.00217575404546306
656,770,0.000192178993134191
657,770,0.00185167828800456
658,770,2.250034587489e-08
659,770,3.0589916176907e-12
660,770,1.09648794717866e-22
691,770,4.63490773056593e-10
692,770,1.13698525254857e-05
693,770,5.52128249614112e-06
694,770,0.001413324112812
695,770,0.000267199147101187
696,770,0.0241496730903252
697,770,0.00130624317663946
698,770,0.000358192509898625
699,770,1.21847804431694e-09
700,770,5.8364697031712e-16
731,770,4.85300438441676e-10
732,770,6.44499353713491e-07
733,770,0.000306451762095913
734,770,7.838240677103e-05
735,770,0.0160198568262137
736,770,0.00191438408558036
737,770,0.13976959447281
738,770,0.00291326522478236
739,770,6.26612549822335e-06
740,770,5.27345916419793e-14
771,770,8.22840304740634e-14
772,770,3.74673650628558e-07
773,770,1.03808546758845e-05
774,770,0.00384480607605684
775,770,0.000599285880272422
776,770,0.104976814769664
777,770,0.00558235717308321
778,770,0.315043249380676
779,770,1.44322309695138e-06
780,770,1.78676713607528e-12
811,770,1.21527288608917e-16
812,770,1.1849287065163e-11
813,770,0.000179152938862422
814,770,8.81626254446706e-05
815,770,0.0277894180207294
816,770,0.00193721657710057
817,770,0.25677391839727
818,770,2.55483134073349e-06
819,770,1.93620978817451e-06
820,770,7.4981633073103e-13
852,770,1.73739795866167e-12
853,770,2.41912745371236e-09
854,770,0.00306338643549727
855,770,0.00035631088638771
856,770,0.0761017775507826
857,770,6.77613331032047e-06
858,770,1.53701285402316e-06
859,770,3.22867824645601e-13
893,770,1.27556508589064e-09
894,770,2.77681168885182e-07
895,770,0.0104960330550159
896,770,9.40190630071608e-05
897,770,4.26399334769366e-06
898,770,3.83799689428094e-12
533,780,1.89721826781094e-17
534,780,3.22332261445261e-14
535,780,2.70053157798345e-17
536,780,4.0782566241971e-17
537,780,8.51807568970396e-23
538,780,2.41809174608762e-25
572,780,1.08257814329827e-18
573,780,3.32290851583039e-11
574,780,1.06330901973078e-09
575,780,5.51778926063342e-08
576,780,5.79671559108249e-11
577,780,2.51366567748603e-11
578,780,7.71629370378299e-16
579,780,1.95568017806203e-21
611,780,7.83615856955493e-18
612,780,2.35570609585279e-11
613,780,5.2402248743431e-10
614,780,6.44962083944549e-05
615,780,1.63562914333458e-05
616,780,0.000221284038390319
617,780,1.19461975898226e-07
618,780,1.64743942181667e-09
619,780,1.55200175627642e-18
620,780,1.33815311425013e-27
651,780,6.90237209787445e-11
652,780,4.36453918204683e-10
653,780,4.71154273466965e-05
654,780,2.29323021971719e-05
655,780,0.00245920076344131
656,780,0.000208541415919269
657,780,0.00210751523301133
658,780,2.31182676592527e-08
659,780,3.2991630240438e-12
660,780,1.07945097800745e-22
691,780,6.47713502630785e-10
692,780,1.49171368387587e-05
693,780,6.6616236871451e-06
694,780,0.00162093998771717
695,780,0.000287056344261809
696,780,0.0256026778774983
697,780,0.00133710301498825
698,780,0.00037976400511618
699,780,1.19911039480967e-09
700,780,5.7265196820924e-16
731,780,6.37566587767647e-10
732,780,8.32023560368104e-07
733,780,0.00036812821213434
734,780,8.7793075278257e-05
735,780,0.0172254002971753
736,780,0.00194389263486053
737,780,0.141423568819684
738,780,0.00286599063367884
739,780,6.13773826875531e-06
740,780,5.23617000396016e-14
771,780,1.08134485982778e-13
772,780,4.62633104257348e-07
773,780,1.23560087796825e-05
774,780,0.00431892866836765
775,780,0.000631955631932578
776,780,0.107130615072163
777,780,0.0054399853648716
778,780,0.307579746450755
779,780,1.42633177356861e-06
780,780,1.75107975064226e-12
811,780,1.52920951227944e-16
812,780,1.42722712814028e-11
813,780,0.000219336082906392
814,780,9.82048385355551e-05
815,780,0.0294243067499249
816,780,0.00195059731817098
817,780,0.252418808649255
818,780,2.50880074618809e-06
819,780,1.89050655228325e-06
820,780,7.44548949362263e-13
852,780,2.15715677851403e-12
853,780,2.70996016576541e-09
854,780,0.00345138452446684
855,780,0.000375279701381689
856,780,0.0772808757903155
857,780,6.93224340267684e-06
858,780,1.51127643446568e-06
859,780,3.18486522478657e-13
893,780,1.4479088735865e-09
894,780,3.01859226842828e-07
895,780,0.0112359370021743
896,780,9.37963486372018e-05
897,780,4.33873404111528e-06
898,780,3.92797325043438e-12
533,790,2.2452475315825e-17
534,790,4.05831410759553e-14
535,790,3.1942210184521e-17
536,790,5.13377758953656e-17
537,790,9.99506242973884e-23
538,790,2.99105093176772e-25
572,790,1.26221035623115e-18
573,790,4.17860383209031e-11
574,790,1.24417618681149e-09
575,790,6.84375328106098e-08
576,790,6.7257902829384e-11
577,790,3.06731103333258e-11
578,790,8.84603612968671e-16
579,790,2.24779286145946e-21
611,790,9.66695928491029e-18
612,790,2.9867673519887e-11
613,790,6.0475066508722e-10
614,790,8.00064328959594e-05
615,790,1.89090707549389e-05
616,790,0.000266756179679929
617,790,1.33461771789017e-07
618,790,1.87688241049831e-09
619,790,1.59645297212147e-18
620,790,1.5097050056136e-27
651,790,9.06974305880187e-11
652,790,5.30014995364083e-10
653,790,5.8929554210146e-05
654,790,2.62026536769934e-05
655,790,0.00275593916239645
656,790,0.000224984662455525
657,790,0.00238193099467253
658,790,2.36927519500631e-08
659,790,3.61466174423574e-12
660,790,1.06437001051448e-22
691,790,9.08588958008933e-10
692,790,1.93021678264933e-05
693,790,7.94294446385781e-06
694,790,0.0018422613168523
695,790,0.000306557290166708
696,790,0.0269976335020559
697,790,0.00136517046233823
698,790,0.000406975760785479
699,790,1.18190896283531e-09
700,790,5.63868975409198e-16
731,790,8.25986350806807e-10
732,790,1.05833013869108e-06
733,790,0.000437478957191493
734,790,9.75078611859615e-05
735,790,0.0184149336123659
736,790,0.00196814841802312
737,790,0.142807943866741
738,790,0.00282386456698085
739,790,6.02847003368317e-06
740,790,5.2687235188658e-14
771,790,1.39748745558624e-13
772,790,5.67428277777623e-07
773,790,1.45435360395409e-05
774,790,0.00481444305070695
775,790,0.000663096986666375
776,790,0.109004325360997
777,790,0.00530305317199975
778,790,0.300634725732188
779,790,1.42002797836522e-06
780,790,1.72124516766528e-12
811,790,1.91560637355449e-16
812,790,1.69776316309048e-11
813,790,0.000266730252321053
814,790,0.000108593164563265
815,790,0.0310076287160569
816,790,0.00196144865213954
817,790,0.248184957958399
818,790,2.48027771323469e-06
819,790,1.84800544817575e-06
820,790,7.49258692892081e-13
852,790,2.65755770281139e-12
853,790,3.01409352212382e-09
854,790,0.0038630035137489
855,790,0.000393809495035197
856,790,0.0783619839272714
857,790,7.29781084886329e-06
858,790,1.48622342441758e-06
859,790,3.1789742555674e-13
893,790,1.63149993727898e-09
894,790,3.31491247142771e-07
895,790,0.0119870461962352
896,790,9.40676598403223e-05
897,790,4.40742227110061e-06
898,790,4.17594972771992e-12
533,800,2.62992175398732e-17
534,800,5.05344180767782e-14
535,800,3.73998619473097e-17
536,800,6.39145406095105e-17
537,800,1.16350676891417e-22
538,800,3.65706692898765e-25
572,800,1.456847792161e-18
573,800,5.20613847985592e-11
574,800,1.44257420130015e-09
575,800,8.40488721337903e-08
576,800,7.74489542468917e-11
577,800,3.70470534477877e-11
578,800,1.03910001697739e-15
579,800,2.56275773245705e-21
611,800,1.18055402117741e-17
612,800,3.74719561562066e-11
613,800,6.91655113040357e-10
614,800,9.84487293845405e-05
615,800,2.16870726076753e-05
616,800,0.000318654584239895
617,800,1.50887491564402e-07
618,800,2.12315693319407e-09
619,800,1.63965647376988e-18
620,800,1.75482851621693e-27
651,800,1.17530956625708e-10
652,800,6.37272376889399e-10
653,800,7.30235961144644e-05
654,800,2.9700382076196e-05
655,800,0.00306449565148392
656,800,0.000241464811238288
657,800,0.00267522875639083
658,800,2.42366751298237e-08
659,800,4.0520652190143e-12
660,800,1.05117835986877e-22
691,800,1.29311180905588e-09
692,800,2.46683187711922e-05
693,800,9.3707992942401e-06
694,800,0.00207654112499755
695,800,0.0003256225118465
696,800,0.0283292786403484
697,800,0.00139062915102001
698,800,0.000443421659318718
699,800,1.16680544061231e-09
700,800,5.57875733982107e-16
731,800,1.05718199903069e-09
732,800,1.32855656940251e-06
733,800,0.000514853176979854
734,800,0.000107476443013937
735,800,0.0195835769769815
736,800,0.0019874646380319
737,800,0.143944700850939
738,800,0.00278672840032134
739,800,5.94224384225723e-06
740,800,5.42685089700909e-14
771,800,1.77947233622262e-13
772,800,6.94730436333932e-07
773,800,1.69478111063643e-05
774,800,0.00532919146761272
775,800,0.000692640647933152
776,800,0.1106078709403
777,800,0.00517125582599817
778,800,0.294183429631488
779,800,1.43163322997747e-06
780,800,1.69856976587237e-12
811,800,2.40876040413755e-16
812,800,1.99726362223536e-11
813,800,0.000322517804548754
814,800,0.000119297579248382
815,800,0.0325332370050473
816,800,0.00196993736902131
817,800,0.244073197794188
818,800,2.47959102784672e-06
819,800,1.80855452419657e-06
820,800,7.71912976976134e-13
852,800,3.25241456820192e-12
853,800,3.33311125243923e-09
854,800,0.00429781941825556
855,800,0.000411875358238664
856,800,0.0793515757670067
857,800,7.91386373703958e-06
858,800,1.46186213792998e-06
859,800,3.23748828759946e-13
893,800,1.82613059857736e-09
894,800,3.71394938848401e-07
895,800,0.0127491474699755
896,800,9.48458472456155e-05
897,800,4.47045637463675e-06
898,800,4.61262805819756e-12
533,810,3.05336580560951e-17
534,810,6.23826556771892e-14
535,810,4.34120883609492e-17
536,810,7.88837821508568e-17
537,810,1.34687434974309e-22
538,810,4.42598463749381e-25
572,810,1.66647465996491e-18
573,810,6.43403199994168e-11
574,810,1.65918651869021e-09
575,810,1.02358960005273e-07
576,810,8.86560486146394e-11
577,810,4.43417390564572e-11
578,810,1.27617603570008e-15
579,810,2.90065451101762e-21
611,810,1.43253354431233e-17
612,810,4.65757316629484e-11
613,810,7.84695164462585e-10
614,810,0.000120289879184546
615,810,2.46973351986695e-05
616,810,0.000377581383150307
617,810,1.75063669338161e-07
618,810,2.3864175768848e-09
619,810,1.68413523405334e-18
620,810,2.11680005887164e-27
651,810,1.50415710155369e-10
652,810,7.6062145139617e-10
653,810,8.9743486939255e-05
654,810,3.34226718330418e-05
655,810,0.00338321695517116
656,810,0.00025794039978465
657,810,0.00298765941550292
658,810,2.47710671720149e-08
659,810,4.68373242372039e-12
660,810,1.03980402534548e-22
691,810,1.88816697535929e-09
692,810,3.11757890477221e-05
693,810,1.09501376729739e-05
694,810,0.0023228846176759
695,810,0.000344179640465042
696,810,0.0295929125624657
697,810,0.00141364437567364
698,810,0.000494665303569125
699,810,1.15373323215337e-09
700,810,5.55564231449606e-16
731,810,1.33927313381924e-09
732,810,1.6481724346412e-06
733,810,0.000600566105071357
734,810,0.000117648283729716
735,810,0.0207270091639719
736,810,0.00200213563028264
737,810,0.144851502398624
738,810,0.00275443512594216
739,810,5.88522324231025e-06
740,810,5.83051500080218e-14
771,810,2.23603795994246e-13
772,810,8.5580864391115e-07
773,810,1.95722128906249e-05
774,810,0.00586076685683156
775,810,0.00072053050275281
776,810,0.111951066192311
777,810,0.00504428688320083
778,810,0.288203219806647
779,810,1.47696879699088e-06
780,810,1.68509190989132e-12
811,810,3.0812685715714e-16
812,810,2.3263180500712e-11
813,810,0.00038808832055521
814,810,0.000130289972324163
815,810,0.0339954943270717
816,810,0.00197617858306162
817,810,0.240083740982664
818,810,2.52823014857172e-06
819,810,1.77201567955899e-06
820,810,8.29661534450705e-13
852,810,3.95796670305011e-12
853,810,3.67084041716706e-09
854,810,0.00475526771603115
855,810,0.000429442580272834
856,810,0.0802557568689612
857,810,8.86068343954205e-06
858,810,1.43819698675717e-06
859,810,3.4163415872046e-13
893,810,2.03151701839881e-09
894,810,4.30319162160369e-07
895,810,0.013522150247509
896,810,9.61451193548273e-05
897,810,4.52824518441311e-06
898,810,5.29851814603416e-12
533,820,3.52149751123635e-17
534,820,7.66954948123281e-14
535,820,5.00686806085361e-17
536,820,9.6953032427812e-17
537,820,1.55549942104964e-22
538,820,5.30851593814641e-25
572,820,1.89121424364762e-18
573,820,7.89525570359607e-11
574,820,1.89509937642877e-09
575,820,1.23859089082846e-07
576,820,1.01093057903429e-10
577,820,5.2647690598796e-11
578,820,1.67818367123969e-15
579,820,3.26124002211188e-21
611,820,1.73668666679869e-17
612,820,5.74125653788807e-11
613,820,8.83834177552166e-10
614,820,0.00014606843119915
615,820,2.7947269707852e-05
616,820,0.000444190710834624
617,820,2.12646354161776e-07
618,820,2.66666278168431e-09
619,820,1.73446257770442e-18
620,820,2.66306620403317e-27
651,820,1.90348480811508e-10
652,820,9.04174099190099e-10
653,820,0.000109480763942321
654,820,3.73661377865818e-05
655,820,0.00371025319890828
656,820,0.000274369952558984
657,820,0.00331936470519472
658,820,2.53327684851614e-08
659,820,5.622195625802e-12
660,820,1.03015556301341e-22
691,820,2.85648059594505e-09
692,820,3.90028902151697e-05
693,820,1.26853004649963e-05
694,820,0.00258024560429265
695,820,0.000362162913135096
696,820,0.0307843647236164
697,820,0.0014343644532907
698,820,0.000569338084212649
699,820,1.14261983428885e-09
700,820,5.58296521691874e-16
731,820,1.68304077920465e-09
732,820,2.02294798099918e-06
733,820,0.000694892974233967
734,820,0.000127972930138745
735,820,0.0218414834752302
736,820,0.00201243839190629
737,820,0.14554064407698
738,820,0.00272683956403302
739,820,5.86691325794786e-06
740,820,6.73047239186798e-14
771,820,2.77636715274619e-13
772,820,1.0746044072338e-06
773,820,2.24191615980807e-05
774,820,0.00640648811331962
775,820,0.000746722480045104
776,820,0.113043605375216
777,820,0.00492182693406592
778,820,0.282673561387305
779,820,1.58916510001088e-06
780,820,1.68394353310632e-12
811,820,4.09372135242319e-16
812,820,2.68538936925038e-11
813,820,0.000465071260275772
814,820,0.000141544390724259
815,820,0.035389262783188
816,820,0.00198022350781373
817,820,0.236216239741821
818,820,2.67040203446147e-06
819,820,1.73826490028732e-06
820,820,9.58351858001649e-13
852,820,4.79322531918504e-12
853,820,4.03527640323482e-09
854,820,0.00523461875572981
855,820,0.000446462527117205
856,820,0.0810802750404311
857,820,1.02707671836565e-05
858,820,1.41523013555735e-06
859,820,3.83227591200127e-13
893,820,2.24728684814274e-09
894,820,5.24103603754277e-07
895,820,0.0143060867281513
896,820,9.79807870740108e-05
897,820,4.58139544436528e-06
898,820,6.33365920574942e-12
533,830,4.06292118307811e-17
534,830,9.51476793436729e-14
535,830,5.77750037508042e-17
536,830,1.20197395250829e-16
537,830,1.80106123543605e-22
538,830,6.31633228893227e-25
572,830,2.13229440520204e-18
573,830,9.62789983899791e-11
574,830,2.15369461024754e-09
575,830,1.49540350345469e-07
576,830,1.15173533342017e-10
577,830,6.20637317752599e-11
578,830,2.40937190216554e-15
579,830,3.64371496156246e-21
611,830,2.12717766317364e-17
612,830,7.02473111266778e-11
613,830,9.89115898978487e-10
614,830,0.00017640562491136
615,830,3.14447736768846e-05
616,830,0.000519196435038578
617,830,2.76876798453866e-07
618,830,2.96361415491417e-09
619,830,1.79916471328302e-18
620,830,3.49872142714916e-27
651,830,2.38439478160032e-10
652,830,1.07597820763224e-09
653,830,0.000132678370009366
654,830,4.15268798744879e-05
655,830,0.00404353657972456
656,830,0.000290707599932904
657,830,0.00367028217970191
658,830,2.59889388155596e-08
659,830,7.04252012151831e-12
660,830,1.02209304147436e-22
691,830,4.50412621716577e-09
692,830,4.83473932489887e-05
693,830,1.45800232884704e-05
694,830,0.00284742221160892
695,830,0.000379512811771037
696,830,0.0318999936088993
697,830,0.00145292242637883
698,830,0.000680844092790162
699,830,1.13337110301483e-09
700,830,5.68150411565016e-16
731,830,2.1047008277894e-09
732,830,2.45887786846491e-06
733,830,0.000798057255788661
734,830,0.000138400262763442
735,830,0.0229238448008886
736,830,0.00201863418916605
737,830,0.146017324066135
738,830,0.00270377868967464
739,830,5.90182361111614e-06
740,830,8.64750533732063e-14
771,830,3.40988956612339e-13
772,830,1.40384339143687e-06
773,830,2.54901653599266e-05
774,830,0.00696336953394842
775,830,0.000771183799013876
776,830,0.113895088631575
777,830,0.00480351968525903
778,830,0.27757606921645
779,830,1.83710788129923e-06
780,830,1.69992520124688e-12
811,830,5.80870350887694e-16
812,830,3.07483241564902e-11
813,830,0.00055536785126477
814,830,0.000153037324678429
815,830,0.0367099001687454
816,830,0.0019820388662983
817,830,0.232469831764786
818,830,2.99780305918321e-06
819,830,1.7071930803702e-06
820,830,1.23243315217232e-12
852,830,5.78025337171146e-12
853,830,4.44221040449185e-09
854,830,0.00573494860074583
855,830,0.000462865828093846
856,830,0.0818305283818542
857,830,1.23500178945481e-05
858,830,1.39297025187006e-06
859,830,4.73037415323987e-13
893,830,2.47296503312061e-09
894,830,6.8135630648117e-07
895,830,0.0151011137320132
896,830,0.000100368334234252
897,830,4.63196361883451e-06
898,830,7.87342664674928e-12
533,840,4.84209661103213e-17
534,840,1.24171707804144e-13
535,840,6.87860470374528e-17
536,840,1.56565913381875e-16
537,840,2.1070472846431e-22
538,840,7.46200621612199e-25
572,840,2.39975674741471e-18
573,840,1.16758476128505e-10
574,840,2.45188470138096e-09
575,840,1.82423242395246e-07
576,840,1.31716281997747e-10
577,840,7.26977898220835e-11
578,840,3.7959335363042e-15
579,840,4.04634103708894e-21
611,840,2.72166475234336e-17
612,840,8.53800542700597e-11
613,840,1.10115510594988e-09
614,840,0.000212017401982724
615,840,3.51983537006741e-05
616,840,0.00060338037571981
617,840,3.9397951925524e-07
618,840,3.27651804175591e-09
619,840,1.89497633610796e-18
620,840,4.78744515175255e-27
651,840,2.95920979760957e-10
652,840,1.29588653658519e-09
653,840,0.000159837088211802
654,840,4.59005249438926e-05
655,840,0.0043807553011596
656,840,0.000306894929810602
657,840,0.00403998888397428
658,840,2.68650291974308e-08
659,840,9.21702216752902e-12
660,840,1.01537518823873e-22
691,840,7.40637971339841e-09
692,840,5.94279496459474e-05
693,840,1.66374476924101e-05
694,840,0.0031230525508293
695,840,0.000396175923077811
696,840,0.0329367269313723
697,840,0.00146943856803804
698,840,0.000850005871403296
699,840,1.12583904986434e-09
700,840,5.88484817775718e-16
731,840,2.63337279163561e-09
732,840,2.96201961493308e-06
733,840,0.000910205457691178
734,840,0.00014888069661841
735,840,0.0239715472895087
736,840,0.00202097044001421
737,840,0.146276868570534
738,840,0.00268503140914931
739,840,6.0120924207207e-06
740,840,1.26617812494437e-13
771,840,4.14588071215637e-13
772,840,1.96159385740757e-06
773,840,2.8785886911165e-05
774,840,0.00752808689700033
775,840,0.00079389269172109
776,840,0.114515099152472
777,840,0.00468892050825997
778,840,0.272894641680487
779,840,2.36381266251704e-06
780,840,1.7409171055087e-12
811,840,9.05104861047608e-16
812,840,3.49493686474555e-11
813,840,0.000661174737665643
814,840,0.000164748078851709
815,840,0.0379532626565868
816,840,0.00198147491769709
817,840,0.228843172780209
818,840,3.70271541823557e-06
819,840,1.67870816953089e-06
820,840,1.80632158202396e-12
852,840,6.94421670307777e-12
853,840,4.92259811335673e-09
854,840,0.00625510617592499
855,840,0.000478550648803296
856,840,0.0825115642669093
857,840,1.5410194436013e-05
858,840,1.37148817030088e-06
859,840,6.62935610752026e-13
893,840,2.70795883124083e-09
894,840,9.53640413352484e-07
895,840,0.0159075162736594
896,840,0.000103321631619017
897,840,4.69182698001209e-06
898,840,1.01525064202114e-11
533,850,6.83357005229313e-17
534,850,1.90863893960512e-13
535,850,9.63018877758041e-17
536,850,2.39508747950971e-16
537,850,2.52108024539996e-22
538,850,8.75819012749284e-25
572,850,2.78659720309923e-18
573,850,1.40891645132782e-10
574,850,2.8866847237792e-09
575,850,2.34162487322637e-07
576,850,1.52359899783803e-10
577,850,8.4665977781765e-11
578,850,6.48339503792019e-15
579,850,4.46582946350363e-21
611,850,4.06962954601039e-17
612,850,1.03150549024375e-10
613,850,1.22503131501174e-09
614,850,0.000253726192480364
615,850,3.92172274264153e-05
616,850,0.000697598129227141
617,850,6.15712926192662e-07
618,850,3.60382250602145e-09
619,850,2.06665116249884e-18
620,850,6.78396209014266e-27
651,850,3.64160316818089e-10
652,850,1.63270855737211e-09
653,850,0.000191522673509854
654,850,5.04822521389031e-05
655,850,0.00471932285140394
656,850,0.000322845465261294
657,850,0.00442744651938888
658,850,2.82073740500323e-08
659,850,1.25691400412952e-11
660,850,1.00968069716576e-22
691,850,1.26407099920406e-08
692,850,7.2485616854929e-05
693,850,1.88601228823662e-05
694,850,0.00340561191957399
695,850,0.00041210518690831
696,850,0.0338921626708219
697,850,0.00148402459580747
698,850,0.00110916822860435
699,850,1.11976316152208e-09
700,850,6.28138134721962e-16
731,850,3.33974407835787e-09
732,850,3.5381735566076e-06
733,850,0.00103135104438155
734,850,0.000159365330805668
735,850,0.0249826711032431
736,850,0.00201968332602948
737,850,0.146300352952874
738,850,0.00267023558805427
739,850,6.23351117660235e-06
740,850,2.101337081087e-13
771,850,4.99268497726683e-13
772,850,3.01387647556928e-06
773,850,3.23062498082398e-05
774,850,0.00809694664221905
775,850,0.000814838741040731
776,850,0.114913357227271
777,850,0.00457738492931536
778,850,0.268615719165198
779,850,3.46614810900315e-06
780,850,1.82989548341926e-12
811,850,1.56989134421179e-15
812,850,3.94613814098904e-11
813,850,0.000784981902837926
814,850,0.00017665929375443
815,850,0.0391157131150984
816,850,0.00197821788988647
817,850,0.225334454292629
818,850,5.19217407400216e-06
819,850,1.65275708689909e-06
820,850,3.00024698845101e-12
852,850,8.31283512622113e-12
853,850,5.54425537776041e-09
854,850,0.00679367934570864
855,850,0.000493362076780676
856,850,0.0831280259826354
857,850,1.99169260848005e-05
858,850,1.35129013252867e-06
859,850,1.06348615272347e-12
893,850,2.95154473830655e-09
894,850,1.43372698961276e-06
895,850,0.0167257129919445
896,850,0.000106849991174012
897,850,4.8386283891812e-06
898,850,1.35198026900871e-11
533,860,1.58133911796859e-16
534,860,4.12478280952922e-13
535,860,2.18245163459336e-16
536,860,5.13006607120061e-16
537,860,3.15822458813981e-22
538,860,1.02136344217263e-24
572,860,4.29517280823594e-18
573,860,1.69229406312319e-10
574,860,4.02785222980199e-09
575,860,3.53479839940468e-07
576,860,1.80406383014907e-10
577,860,9.80832653763654e-11
578,860,1.1745190864965e-14
579,860,4.89933436465394e-21
611,860,9.16700695889934e-17
612,860,1.23944808062529e-10
613,860,1.40744364892831e-09
614,860,0.000302466191385788
615,860,4.35111346519519e-05
616,860,0.000802768608384903
617,860,1.04393306668757e-06
618,860,3.94266523466995e-09
619,860,2.6353772210478e-18
620,860,9.88375816813858e-27
651,860,4.44893914126138e-10
652,860,2.40673676688211e-09
653,860,0.000228373830337981
654,860,5.52667769584612e-05
655,860,0.00505634499015029
656,860,0.000338414797660808
657,860,0.00483058924674578
658,860,3.06758207025905e-08
659,860,1.77568671540301e-11
660,860,1.00703619709903e-22
691,860,2.22146832357242e-08
692,860,8.77854712866049e-05
693,860,2.12498543725847e-05
694,860,0.0036934150864818
695,860,0.000427260861425515
696,860,0.0347647617266396
697,860,0.00149679124841792
698,860,0.00150856014959119
699,860,1.11479276378744e-09
700,860,7.64967427171981e-16
731,860,4.52608060755026e-09
732,860,4.19227361415401e-06
733,860,0.00116124840999014
734,860,0.000169806055478442
735,860,0.0259559347887237
736,860,0.00201500218226809
737,860,0.146047754426327
738,860,0.00265871621177611
739,860,6.66010935239035e-06
740,860,3.83481619172697e-13
771,860,5.9562618407945e-13
772,860,5.16050008717815e-06
773,860,3.60506192933009e-05
774,860,0.00866587346536185
775,860,0.000834024046608538
776,860,0.115099991996387
777,860,0.00446782616351793
778,860,0.264728690581248
779,860,5.76042023597718e-06
780,860,2.23917521290654e-12
811,860,3.00178751771404e-15
812,860,4.43115962769995e-11
813,860,0.000929505284997721
814,860,0.000188757643153202
815,860,0.0401941347190491
816,860,0.00197172150175105
817,860,0.221941414046773
818,860,8.33422057787456e-06
819,860,1.63017634092319e-06
820,860,5.47849383977207e-12
852,860,9.9144021534689e-12
853,860,6.55246747652306e-09
854,860,0.00734896644312219
855,860,0.00050705550074585
856,860,0.083683758793365
857,860,2.65588607374461e-05
858,860,1.33630270715564e-06
859,860,1.91165899737471e-12
893,860,3.20286449182667e-09
894,860,2.28825336355795e-06
895,860,0.0175562644449379
896,860,0.000110953616500723
897,860,5.5893647382397e-06
898,860,1.8487434202204e-11
533,870,6.58206273175848e-16
534,870,1.36855507868472e-12
535,870,8.96230905470674e-16
536,870,1.59791366418324e-15
537,870,6.01983465958612e-22
538,870,1.22134528649002e-24
572,870,1.89490189882531e-17
573,870,2.02384433216129e-10
574,870,9.2207980549441e-09
575,870,7.48010321361984e-07
576,870,2.23819557181682e-10
577,870,1.13019869511225e-10
578,870,2.20834694633819e-14
579,870,6.35825047676943e-21
611,870,3.52319685842877e-16
612,870,1.48327395816534e-10
613,870,2.14755438544883e-09
614,870,0.000359254619006289
615,870,4.80881004404859e-05
616,870,0.000919785853291285
617,870,1.87854739387092e-06
618,870,4.29065996504748e-09
619,870,8.44743208531209e-18
620,870,1.48160495311089e-26
651,870,5.53277382942977e-10
652,870,5.34901702149849e-09
653,870,0.00027111160607853
654,870,6.02479793253843e-05
655,870,0.00538859722257577
656,870,0.00035334305480436
657,870,0.00524566407305591
658,870,3.90171405523967e-08
659,870,2.58003763930817e-11
660,870,1.14318711129479e-22
691,870,3.98422700524765e-08
692,870,0.000105617188591346
693,870,2.38064860510427e-05
694,870,0.00398463131072912
695,870,0.00044161286755158
696,870,0.0355541793046258
697,870,0.00150785962533078
698,870,0.00212613924030742
699,870,1.1131623083306e-09
700,870,2.21948853412396e-15
731,870,8.50675382178308e-09
732,870,4.9272613097469e-06
733,870,0.00129911014000591
734,870,0.000180155722332268
735,870,0.0268906961282091
736,870,0.00200715812962061
737,870,0.145447313574703
738,870,0.00264912897858204
739,870,8.11890311274289e-06
740,870,7.43048130294933e-13
771,870,7.03793824451101e-13
772,870,9.75077169415181e-06
773,870,4.00181222408619e-05
774,870,0.00923045080279057
775,870,0.000851465575618199
776,870,0.115085994097419
777,870,0.00435818714308158
778,870,0.261225902709224
779,870,1.0526271542244e-05
780,870,1.19454006040709e-11
811,870,6.16373444323556e-15
812,870,4.9881984427177e-11
813,870,0.00109746625876993
814,870,0.000201033621997823
815,870,0.0411859617562173
816,870,0.00196111196140791
817,870,0.218661395569782
818,870,1.4990458132625e-05
819,870,1.65163079341736e-06
820,870,1.06551064541844e-11
852,870,1.17725958328241e-11
853,870,9.87825119147397e-09
854,870,0.00791896810994576
855,870,0.000519231317536407
856,870,0.0841791538400559
857,870,3.63441137890063e-05
858,870,1.37936766612582e-06
859,870,3.71884053209183e-12
893,870,3.4615557421058e-09
894,870,3.81598485677889e-06
895,870,0.0183998924245196
896,870,0.000115616859719289
897,870,1.03930934105765e-05
898,870,2.58177095535923e-11
533,880,3.98486162634957e-15
534,880,1.47293816534378e-11
535,880,5.81921940177351e-15
536,880,6.18633676470885e-15
537,880,1.77588099260839e-20
538,880,8.43283708647466e-23
572,880,2.16000083167076e-16
573,880,2.77893926622653e-10
574,880,3.799878728551e-08
575,880,2.30400527210548e-06
576,880,4.22930967513978e-10
577,880,1.33663744882594e-10
578,880,4.25426586293673e-14
579,880,3.64933417707929e-19
611,880,2.04193283596756e-15
612,880,2.06346241277705e-10
613,880,9.38321240187427e-09
614,880,0.000425011482584603
615,880,5.29395448953183e-05
616,880,0.00104908949029123
617,880,3.51050211185411e-06
618,880,5.52672799369783e-09
619,880,1.05025072778037e-16
620,880,1.44668734942882e-24
651,880,1.45894726716014e-09
652,880,2.0302081918746e-08
653,880,0.000320553038211411
654,880,6.54138438070812e-05
655,880,0.00571257005679118
656,880,0.000367145346356258
657,880,0.0056662003243458
658,880,1.24784545314034e-07
659,880,3.85755362378567e-11
660,880,6.12115495170965e-21
691,880,7.23133631569555e-08
692,880,0.000126279521848573
693,880,2.65202176682338e-05
694,880,0.00427732769788258
695,880,0.000455146187759227
696,880,0.0362618012329259
697,880,0.00151732490771511
698,880,0.00308256761762462
699,880,1.26494025976311e-09
700,880,2.58059370614303e-14
731,880,3.81836859489081e-08
732,880,5.74207708084143e-06
733,880,0.00144297969378279
734,880,0.000190369084079457
735,880,0.0277869275081551
736,880,0.00199640370388287
737,880,0.144379265951501
738,880,0.00263872212834173
739,880,2.35817015388026e-05
740,880,1.54152209292998e-12
771,880,8.5718985115078e-13
772,880,1.98030401655835e-05
773,880,4.42082449341885e-05
774,880,0.00978608890445969
775,880,0.000867200116193811
776,880,0.11488394680063
777,880,0.00424428992634476
778,880,0.258090474535351
779,880,2.04208639983181e-05
780,880,6.39745117080921e-10
811,880,1.31993344506518e-14
812,880,7.59960008200121e-11
813,880,0.00129102721612234
814,880,0.000213464447445609
815,880,0.042089343343902
816,880,0.00194506317175033
817,880,0.215490768835747
818,880,2.91702258788533e-05
819,880,3.59426631731371e-06
820,880,3.10529231328389e-11
852,880,1.39589818881192e-11
853,880,3.73785753534365e-08
854,880,0.0085014308965903
855,880,0.000529219546130264
856,880,0.0845934424812655
857,880,5.07282670543421e-05
858,880,3.10212468335471e-06
859,880,8.62984642061014e-12
893,880,4.11348461392193e-09
894,880,6.55035374428247e-06
895,880,0.0192575697350541
896,880,0.000120798597331698
897,880,4.22425732046895e-05
898,880,4.48747483582392e-11
533,890,1.23079749108217e-12
534,890,1.22151228255835e-09
535,890,1.65413325996591e-12
536,890,1.56172492574594e-12
537,890,9.4377832313674e-17
538,890,1.10852714391607e-17
572,890,1.57292098546319e-13
573,890,1.73647668323615e-08
574,890,2.03352819879281e-07
575,890,8.78849930789314e-06
576,890,1.23129267731247e-08
577,890,9.02201891696135e-09
578,890,4.93068486885114e-12
579,890,7.10968850766252e-15
611,890,6.30995296314223e-13
612,890,1.29391733064339e-08
613,890,9.79831505323182e-08
614,890,0.000499712040437168
615,890,5.79413702218735e-05
616,890,0.00118877127471914
617,890,6.69160354966247e-06
618,890,3.06683412456713e-07
619,890,1.10207914795163e-13
620,890,1.758404748679e-18
651,890,4.62795801972504e-08
652,890,1.03698746237782e-07
653,890,0.000377632810845583
654,890,7.06781236618222e-05
655,890,0.0060248293819604
656,890,0.000378919341961965
657,890,0.00608122815339377
658,890,1.54033906920817e-06
659,890,3.51217354486826e-09
660,890,2.36855759406854e-16
691,890,1.31708658185691e-07
692,890,0.000149841780765774
693,890,2.93266826178363e-05
694,890,0.0045695696083891
695,890,0.00046787793279244
696,890,0.0368915672991153
697,890,0.00152413962915918
698,890,0.00455952134675276
699,890,6.70774801189233e-08
700,890,2.5889798814714e-11
731,890,3.34986743427909e-07
732,890,6.62829202815059e-06
733,890,0.0015884032228207
734,890,0.000200408767905512
735,890,0.0286451379869705
736,890,0.00198307942914551
737,890,0.142655113102241
738,890,0.00262177174637517
739,890,0.00027274422690449
740,890,1.84980018727308e-10
771,890,5.89129570418237e-11
772,890,4.19604007035218e-05
773,890,4.8618604185105e-05
774,890,0.0103284695835852
775,890,0.000881305868870566
776,890,0.114509627766069
777,890,0.00411732804561739
778,890,0.255018565321277
779,890,4.09562751493241e-05
780,890,5.92201979624535e-08
811,890,1.76996582650674e-12
812,890,3.72928005284643e-09
813,890,0.00151049304281696
814,890,0.000225779049890541
815,890,0.0429043208613348
816,890,0.00192164875886482
817,890,0.212364859157709
818,890,5.95345094377e-05
819,890,9.37632757482905e-05
820,890,2.62505000592446e-09
852,890,1.00721924432879e-09
853,890,3.5494362640539e-07
854,890,0.00909373319381613
855,890,0.000535891307903755
856,890,0.0847676139051236
857,890,7.17645392636352e-05
858,890,7.70683669517607e-05
859,890,9.83345023327178e-10
893,890,2.4726914605338e-07
894,890,1.14242908559227e-05
895,890,0.0201311018844976
896,890,0.000126419195904682
897,890,0.000253867384959635
898,890,3.21348886154374e-09
